1006
31.0119 -68.3979
-188.977 -64.5581
-14.5317 121.031
77.4847 -36.3797
18.7833 -179.218
28.4111 -23.5461
-208.021 263.098
-79.4404 236.621
-140.738 249.664
-174.747 -75.3498
171.479 30.6672
-449.711 -18.7019
254.361 -332.455
-314.111 -169.445
140.94 -20.3416
-136.515 -152.799
-117.737 -356.986
180.19 255.074
-0.189333 107.5
120.779 74.8647
-27.8567 408.05
-35.6787 -306.43
117.004 314.863
-459.669 118.911
-138.026 -444.776
4.94823 -49.7545
-348.55 34.9716
63.2932 -53.6933
69.4734 57.6849
157.979 54.7585
-132.828 138.223
-15.4158 220.061
31.0685 357.352
247.544 -174.558
65.7208 -6.06387
454.446 -65.2055
284.172 -24.1933
-159.643 -276.295
58.222 -358.3
13.3943 -472.91
36.5039 -420.017
-36.2439 -236.236
1.11076 -252.698
-205.627 -379.582
327.61 286.024
-59.8187 147.642
-4.15201 27.3871
-255.968 140.723
156.393 -329.354
-179.456 139.339
-13.041 6.56446
323.242 20.6302
73.2389 -134.332
-242.657 20.2396
-75.4969 3.94607
-93.888 66.5812
-244.615 246.115
-90.2031 -98.8223
253.808 -119.422
372.985 9.25495
30.6292 8.91428
313.53 -201.689
205.919 -244.028
325.295 356.356
-47.3112 -251.692
388.544 14.0962
175.385 234.336
148.981 -477.184
-61.8911 -413.19
-267.835 5.91565
-25.3226 -76.0973
329.036 198.744
-27.242 -7.66581
-100.432 -40.7929
185.339 -4.76356
140.263 -186.052
246.102 -395.479
143.2 -245.833
-178.11 -5.67526
140.57 -295.355
44.1246 129.911
230.125 425.678
-3.935 0.718168
-107.611 355.677
119.484 -59.0977
-331.906 337.559
81.1262 28.84
-26.013 -123.286
176.104 -352.9
-136.072 -423.896
-313.289 371.938
-103.512 81.1013
102.081 -406.581
-92.0293 93.0882
-3.43283 -90.2347
67.7592 58.3185
47.865 82.1764
82.8965 -229.274
205.49 -228.758
305.14 -330.741
-88.0263 116.103
13.9119 2.84582
124.139 -221.597
153.562 173.103
-139.223 -40.5194
219.595 -289.673
219.077 -256.864
-350.909 -45.915
-114.604 -6.70481
-68.4836 -63.0683
-185.853 37.5083
292.661 -69.9301
-255.267 16.504
-168.879 465.833
-170.313 254.705
419.207 177.662
-40.3901 40.7848
-105.422 11.0506
-69.4439 150.336
6.47433 94.8794
316.506 -156.535
-13.4766 -380.962
121.887 -124.176
-152.266 -53.5265
-254.404 94.5327
-455.128 -42.4149
12.7671 -61.5907
-20.8741 -215.793
164.943 -166.545
-422.647 -163.029
-5.26966 -0.566255
-54.4821 -240.199
-122.821 175.49
450.298 214.321
-401.06 145.39
-368.315 36.3053
172.78 -73.5934
-67.1223 -292.395
178.82 -184.448
74.6768 489.739
-143.525 38.8877
-175.489 274.379
-54.0346 -108.041
248.169 3.94532
-441.976 -219.094
-31.9538 -185.265
-136.559 454.216
41.1305 34.2131
-0.356299 -30.8979
-26.3207 296.635
277.933 43.3951
-100.992 -14.3015
-372.726 160.717
83.7954 -239.038
178.754 100.971
-32.9961 -391.612
-111.654 458.295
53.9255 -426.908
191.87 451.633
-32.6483 -13.9404
369.023 -128.633
-47.1968 -344.179
19.5626 394.315
-0.682768 1.3356
23.0684 -17.0746
-63.4538 377.91
129.479 -437.753
391.187 -223.232
-24.7538 -149.869
34.204 238.459
215.148 227.471
-217.025 -364.364
-44.7063 -28.6524
6.57013 -6.86174
-62.3692 58.7756
-21.5926 348.131
292.822 379.2
-130.376 -98.6627
49.4058 -149.34
-156.123 -51.1862
291.701 -222.38
26.6997 40.0092
7.65611 -262.088
-64.7631 -54.7428
20.3619 194.336
0.682218 0.417826
-5.18284 18.7986
53.0679 -417.239
-316.71 316.433
-261.717 61.3004
-0.157704 174.6
234.996 84.7173
136.441 168.224
-392.156 112.233
-337.471 74.9767
-27.7218 -297.612
233.52 -259.498
-10.9346 -72.9854
-160.169 -305.905
247.921 -59.2395
-7.209 6.63855
305.889 -182.901
259.738 155.641
493.222 49.5023
342.389 -2.71627
102.278 357.351
38.2825 76.8977
8.96964 14.5587
333.456 -266.073
-36.1508 127.161
-225.8 19.0286
-372.727 299.583
-41.856 -253.366
-199.253 89.9122
-12.7057 38.9816
-141.039 6.73966
140.057 70.5005
1.51272 -55.0792
-322.427 253.098
76.7591 112.631
-300.914 -313.712
404.338 11.446
-216.548 -48.8982
-226.458 -157.6
160.737 213.196
-244.115 64.5315
-331.764 318.786
-326.245 81.6191
11.4744 147.053
-396.615 -42.6307
152.048 -310.913
464.619 -62.4732
17.9641 190.957
12.0645 413.424
207.37 -189.627
-243.431 -88.7367
-38.6879 -75.6852
-34.5303 -265.766
-19.8577 302.749
60.4955 -150.065
334.127 183.293
-43.3947 -27.9188
37.7342 372.695
383.865 -201.851
-24.4518 -6.09499
-59.4688 6.28524
-274.247 29.2314
-26.7621 100.187
10.8517 322.417
348.794 -263.935
-148.506 338.671
42.8011 -422.739
-439.779 -131.786
56.4044 280.791
-157.725 -361.38
-210.5 -375.756
-4.23402 92.0026
4.58322 73.8579
29.8683 -54.7873
194.111 100.098
41.7929 -255.809
-297.387 -127.584
431.297 29.4241
393.824 66.504
-15.5139 -8.72688
367.847 132.255
0.915445 13.068
-282.551 410.691
-86.9057 -182.571
13.2909 16.3879
77.1168 65.0678
40.2308 -121.619
-401.644 -246.97
-109.122 18.6265
16.0135 -15.663
5.44745 -91.7384
312.304 385.076
-125.92 31.4983
-40.2713 103.866
76.4387 42.3778
-19.0361 -83.2514
-71.0176 51.1151
2.53533 -15.6966
105.683 -52.2639
-214.537 111.106
352.041 15.8932
26.2363 -43.2668
-233.609 -25.5296
-440.409 -106.061
65.2674 -12.2115
-6.31354 -5.69115
276.041 -68.0269
44.2886 43.245
354.883 9.09977
56.8958 -391.79
234.906 -369.443
11.2122 -90.0043
-263.362 -226.248
441.103 -157.267
184.615 454.539
263.336 149.675
-312.421 164.968
450.987 157.203
226.746 -39.7273
280.063 -94.5743
370.541 -330.471
-78.2648 -103.425
-3.98895 -0.297182
215.818 -199.794
-96.0416 -95.442
367.68 234.695
244.836 380.541
137.229 -299.124
128.114 -148.333
44.7356 -132.871
-78.5775 1.87993
194.241 242.113
73.9816 -433.533
-1.28572 1.25974
16.0035 488.838
-27.7061 -181.7
-375.392 246.702
439.021 -147.385
-49.0183 -77.8538
-29.4992 15.0136
-311.355 365.057
251.666 -293.995
-372.896 295.363
52.9371 -21.6681
193.909 -212.804
-104.036 -250.993
340.367 192.232
-13.5215 41.2399
-259.486 -308.082
-0.512021 28.8955
-79.4878 90.5646
-90.4165 129.206
54.2065 435.137
-216.484 -129.965
-212.645 -329.907
71.1819 274.212
117.461 90.0378
126.311 304.761
-170.973 -446.805
-299.153 -270.627
218.383 -29.7457
0.121734 2.49703
135.238 -274.047
198.751 61.6743
-10.4898 493.088
102.602 217.516
-29.5382 -144.41
50.4533 -423.606
-116.35 3.40058
215.069 -271.038
-229.822 -57.0626
-76.9338 -130.744
-29.0649 -255.552
-143.673 -2.79465
-45.4248 19.1594
82.9752 -357.086
-407.126 -189.812
11.8883 -0.526488
5.41315 -87.2322
201.243 -377.85
30.1642 -158.149
-81.0802 35.4719
-8.11498 74.8615
-115.386 -44.8616
-9.84198 -482.8
266.897 -177.444
-211.724 -108.706
121.546 -29.6063
152.56 -138.276
-13.0357 -8.74985
37.4834 296.742
-29.4801 72.2144
51.8445 -19.5271
23.5999 32.42
23.7899 -22.5806
168.497 146.837
375.017 202.716
-74.7071 325.435
456.165 -128.801
257.802 396.092
180.928 -454.62
-81.408 -11.3832
-0.788168 -455.299
-72.2957 -494.746
-441.196 177.866
-353.574 -351.409
135.604 267.604
84.6701 47.533
134.807 -176.509
348.257 -114.51
121.535 -355.711
372.05 258.433
174.623 281.19
-48.5222 284.289
-9.23831 131.877
200.607 451.981
-194.101 52.5912
-202.365 11.6466
22.6869 -38.6309
79.8794 262.307
227.254 -349.157
463.812 58.6084
85.7394 476.853
3.66514 8.43841
-158.57 -444.779
-169.919 120.484
0.188963 0.352552
-31.9571 212.106
-16.0089 -49.2641
-84.7623 199.978
-18.6572 16.6406
-128.893 -5.24943
105.463 -432.94
128.949 -79.1437
-5.29568 -2.82059
-173.998 378.414
-313.7 -114.667
286.294 -285.047
-9.49153 -218.794
409.404 -191.317
-112.009 225.962
129.625 -298.467
48.4338 66.4154
49.8618 179.607
270.275 190.562
327.147 -130.19
-94.0806 42.6583
-281.854 201.374
-61.6267 166.778
-38.2147 395.056
-257.516 -300.308
-108.496 224.342
-303.323 119.463
16.6181 5.15731
-37.4225 32.5533
280.497 1.23718
-129.907 -168.547
-187.404 -107.606
9.82056 -3.98957
-5.19147 -22.6117
-277.615 319.683
50.4774 -485.785
-309.831 -282.816
-46.697 -15.1723
-393.95 -129.534
-30.0768 58.0736
-292.948 -180.516
-116.809 251.718
-29.1723 63.3014
-45.5471 -8.85584
-122.699 263.757
330.739 -112.659
-216.256 200.938
90.0813 -165.924
-183.447 186.218
116.28 261.404
-58.1438 -258.543
-68.5993 33.1748
-96.2415 -62.3992
-273.692 -255.183
-93.0572 176.241
-146.586 208.289
151.678 50.6153
58.7326 -326.764
-218.118 -356.813
-19.4217 104.307
196.207 -199.195
-284.094 339.129
-98.1291 -183.851
7.54096 369.923
2.26068 -317.492
-201.538 -327.096
-17.3535 316.124
-436.254 -17.3661
-147.935 -110.92
268.355 17.1109
-87.1961 -198.82
-328.698 54.5856
130.974 -341.334
129.126 -107.785
66.0358 166.374
396.606 -248.263
110.08 487.322
168.43 -9.54347
28.2721 -3.59718
-216.712 70.2062
34.2313 79.9826
346.114 136.341
-41.2787 -479.727
-164.781 398.581
-33.6986 276.655
23.5782 492.636
-220.271 50.5621
-100.383 97.1563
348.714 -132.392
-69.5805 -220.796
346.197 -67.9395
-133.775 -193.694
-9.83409 5.56602
-34.3052 -77.1136
4.02492 137.641
-307.095 -231.538
22.4718 -120.116
-42.7227 27.4847
48.6503 84.7257
-54.2277 100.958
-102.649 -194.811
61.4719 7.26714
-371.721 216.95
-86.1546 -357.773
80.3369 -134.073
471.397 -158.72
479.518 135.886
377.647 -323.865
-303.882 -250.468
109.41 -188.21
25.1508 325.931
-56.375 41.4952
228.713 -55.7101
-118.414 -191.437
-233.347 -4.95362
-362.662 -91.3912
68.6275 46.5046
39.3923 -294.981
-111.959 -114.862
-7.29404 13.9028
-167.802 99.1381
-20.3124 33.2927
375.847 -291.272
-27.5725 -438.033
169.683 -315.233
-6.94771 -7.19231
-208.927 41.9654
-53.4802 -62.028
-70.1691 -300.722
375.923 248.984
201.443 -324.333
73.147 2.78606
241.62 -280.742
307.209 -380.195
3.66978 18.4383
381.697 15.2058
-80.6494 -50.5837
452.541 201.81
446.518 120.146
-84.2765 -77.0656
-360.408 159.191
224.008 -174.25
369.749 135.515
-168.257 230.28
-477.074 -56.4284
-5.61941 -4.96711
-30.8717 29.3547
18.27 62.3795
-16.3426 16.8869
-82.0108 361.617
3.15724 -32.0448
-132.777 466.991
252.334 206.88
-336.091 346.053
114.729 115.645
-138.951 123.497
434.276 10.3637
-390.32 50.7073
-246.297 -358.678
74.8287 78.5679
9.19855 -0.163135
-87.1184 121.247
276.791 -120.791
-7.28877 -411.335
276.278 -35.8919
5.10522 -4.33897
-297.381 300.821
285.08 317.359
299.929 31.7085
-18.9343 -1.57813
-368.762 -33.7167
25.746 281.726
65.6629 8.41585
-294.757 -390.93
272.285 -313.584
187.129 -5.14222
490.061 -18.2299
-476.496 -112.515
-31.7935 442.76
-24.7509 204.608
72.8495 -278.634
278.578 34.448
50.4022 -120.699
248.416 239.549
125.805 254.95
189.914 -12.1094
-98.4638 -343.985
-143.738 -116.148
231.497 -300.336
1.64547 -19.7315
-261.513 -113.295
161.344 138.598
-117.845 -341.012
-370.026 -332.994
-312.921 204.468
-176.004 -93.9304
-33.6034 39.6839
-8.24015 -2.79105
-75.4114 -284.267
396.55 -95.1262
-68.5947 59.034
-451.233 -101.921
-37.0062 -52.0937
-126.634 169.524
425.46 -142.846
-490.696 24.3517
-484.196 99.9283
148.538 472.712
-110.047 444.995
438.563 152.436
83.2595 134.871
-117.985 -68.4441
301.519 -375.148
18.8214 -46.2143
50.6946 452.771
-377.717 33.5094
-5.05604 79.2389
224.709 -443.412
25.6124 30.4639
164.303 166.193
186.223 -361.11
-54.103 -419.324
-435.29 -18.9031
-117.91 122.046
-6.93493 64.5284
151.084 143.396
-278.831 -177.994
428.052 -36.4427
-50.5728 -166.07
236.87 -98.671
-158.906 50.7061
385.482 309.252
-84.3111 170.492
151.681 84.4388
-141.08 10.8888
-47.5366 -97.6434
-73.587 30.3498
63.3381 8.45537
251.535 -318.694
45.2641 358.252
87.3297 -116.253
334.981 21.9668
125.873 78.7925
102.966 -243.527
-148.713 -129.356
-113.678 144.557
222.756 298.182
219.362 -184.445
-72.33 463.389
-159.949 -47.3124
-215.866 300.995
76.349 261.482
200.44 70.2681
-42.9369 451.965
-33.9061 89.0644
-187.315 143.064
72.03 -153.434
0 -0
107.727 -44.8749
97.0899 485.487
378.749 -26.8532
88.523 -79.2282
125.207 60.8254
-59.8575 -319.949
-16.6959 269.183
-128.424 416.448
430.23 -207.605
-45.1897 48.377
204.073 -255.762
289.046 -145.497
274.682 209.406
-36.276 -37.9513
-266.726 272.203
195.912 -269.148
219.179 -383.253
-223.359 172.475
-54.1198 384.51
279.019 -127.091
263.207 156.462
36.2199 136.062
284.656 -291.035
-37.7528 258.356
38.8519 14.869
344.849 -60.4089
52.6611 63.766
74.2848 -19.4936
-18.3753 -71.579
-76.2906 -176.519
34.4392 159.729
-14.018 329.902
72.894 138.939
-0.222186 -35.9993
388.132 154.088
-5.18585 -345.161
12.8943 93.4143
-42.0436 148.877
45.3169 -32.5579
300.962 30.4669
-67.5277 -470.681
14.386 38.7135
87.7757 -440.949
13.353 215.286
-4.34996 5.73741
-71.3661 344.281
-20.2487 20.3391
7.27458 -11.1342
364.271 -342.062
-32.0254 -2.18679
-4.02356 -162.45
-44.421 158.389
336.078 -3.88054
434.108 93.2013
-102.986 -250.345
156.731 -276.923
166.274 102.255
396.034 -245.967
17.9697 -68.4816
143.933 237.839
-253.79 -258.557
413.018 85.6212
-446.523 -8.28881
-349.839 -199.651
-361.989 -195.272
-0.00274239 -0.0999624
-54.9906 -448.139
-4.91701 33.8447
44.4112 32.4445
-11.8586 -202.854
248.843 -360.324
25.7181 -57.9495
104.669 418.407
-95.4312 -75.039
-76.4771 36.4053
324.593 304.262
21.2581 199.47
-53.7506 -97.5748
153.85 470.694
21.0119 29.9676
-75.4522 -467.045
-249.291 -27.4675
-86.0061 53.5223
-144.673 -460.509
-339.273 -206.163
-315.594 -143.774
-341.664 23.9189
130.367 -115.241
104.312 366.962
23.4491 -177.962
-84.4399 474.546
-114.719 325.368
273.493 1.92678
-82.734 -286.181
299.641 18.3133
-411.583 171.021
-89.2504 348.864
-124.882 -451.446
-4.54253 -48.2868
58.452 -112.862
-109.92 -199.526
-65.7595 455.477
-238.426 -293.45
8.82842 -203.509
-225.391 -387.751
166.669 -46.7458
82.7851 -81.2565
15.057 -9.11298
389.817 83.6922
-241.42 -166.733
41.5156 2.64838
-91.1294 224.942
-200.386 -48.6216
62.3547 22.2335
351.335 -252.401
-125.041 -107.041
-352.694 -187.423
-105.246 -253.955
102.791 -68.9956
-397.219 -289.125
252.379 -88.9631
-335.671 199.538
-66.2838 -269.982
-59.0737 -70.1369
154.885 144.171
474.792 -117.439
92.6054 -273.445
-1.67258 1.42915
58.6225 -115.696
39.1453 41.981
56.4631 131.272
7.38807 -278.002
-69.4971 31.735
17.368 141.538
126.917 315.639
252.848 -59.6972
-104.895 124.764
42.0867 -69.6755
-191.022 78.1757
-69.2315 -22.8344
-34.1969 -16.7983
414.746 181.448
-15.8015 34.4488
296.301 -206.571
57.8654 -384.065
268.784 -31.2995
1.15364 -217.097
164.316 -375.633
-310.47 38.1116
-260.557 -355.3
-195.648 123.188
73.9102 -402.978
-420.602 -243.496
480.53 102.306
-367.445 111.19
2.65919 -1.59333
-368.479 58.5388
305.217 236.955
113.157 -75.0814
82.2995 435.695
-446.299 -44.3789
30.0772 74.9933
124.37 -77.2332
36.9477 24.8016
230.95 136.16
241.537 203.444
246.536 -205.419
52.6197 -235.903
285.965 205.08
-438.258 224.032
15.1772 -76.6111
-33.512 317.034
32.6663 -193.462
-118.858 -245.768
354.819 -213.887
187.491 -245.492
-427.095 13.2421
41.1494 321.175
-204.491 -205.77
40.8038 83.2367
329.772 87.175
-12.9367 -76.6155
-56.5642 61.9653
21.5371 123.537
-55.2896 168.143
172.391 -25.0373
8.7973 0.218024
-201.682 42.9258
194.375 265.07
-384.9 114.956
-267.261 -140.839
-184.302 -30.4495
74.954 321.272
274.319 -341.97
-334.261 -116.86
-403.362 -59.3143
305.019 148.848
-13.5403 -126.98
92.9914 -83.2325
-92.4297 -358.682
-36.031 134.87
-10.8116 -171.76
-23.6763 60.4272
55.9345 24.5874
-70.7439 62.2008
-443.033 12.161
-57.4087 -61.4577
-223.289 135.141
2.3354 -263.39
140.206 438.112
182.656 -24.5602
349.703 280.021
-62.3781 -1.65491
-331.056 109.832
-14.2837 -7.85272
-210.168 -62.973
95.4537 -436.996
51.1732 240.414
152.387 332.218
-144.401 -24.1119
25.1801 -389.186
-5.03232 7.09688
-313.747 -165.668
-55.5067 134.929
53.1104 68.9078
311.026 202.063
-6.4523 -25.5994
126.546 -145.722
154.695 126.134
-43.1592 -198.461
-171.494 234.726
-24.2649 -35.1355
-109.297 -294.151
9.99823 403.676
193.627 162.22
-243.219 142.521
467.388 -3.29279
-84.9066 449.349
-337.451 35.3724
307.307 -292.708
204.057 24.3134
-375.956 189.245
-400.948 -233.531
-31.4331 -11.8711
-64.8963 34.9309
-105.526 27.6953
-158.712 -9.56821
-23.6628 194.264
129.502 -35.5782
-14.9277 4.17298
-285.919 165.175
13.9613 -258.523
257.388 172.775
65.0103 -68.8604
-341.298 -97.6778
-79.274 -482.531
30.1175 386.127
-181.252 453.091
-18.0911 340.42
-29.4895 -6.03145
350.275 44.5777
52.5434 -33.4736
5.73998 8.3104
-376.063 -316.773
34.8223 49.4738
329.303 219.764
470.072 -126.901
320.414 -168.461
306.284 69.1808
-70.8191 3.38629
-382.738 258.4
186.9 376.234
12.8676 97.6559
-380.679 4.03443
34.4907 340.658
80.011 80.5015
-307.385 -147.632
290.566 176.554
-36.1486 -317.75
-297.542 98.4302
16.6648 -76.6084
-227.077 -94.3549
33.6381 24.305
-450.16 -5.97041
202.595 143.383
-39.6415 -75.077
-161.99 -290.371
7.14284 -12.0408
28.6267 128.858
-339.657 -31.3392
-15.3562 20.1066
-55.6241 -301.715
-108.127 305.001
-13.7749 167.033
-114.899 14.4153
-112.305 -112.413
-101.142 407.434
141.661 -276.526
-53.2042 -25.7317
250.555 -29.6204
465.39 -148.473
13.4009 -127.9
-270.852 248.089
400.037 134.679
-196.345 125.821
-397.454 -169.276
-11.3913 -0.444013
-65.6223 -230.854
-27.4655 -153.563
-117.531 247.513
53.9439 240.833
137.298 -13.899
-255.723 -165.489
-217.322 -28.6321
15.997 -162.314
-71.6117 -290.607
64.3031 -10.155
120.389 363.903
111.205 420.752
145.061 -70.3054
108.683 14.9019
188.093 -401.528
120.373 -80.4819
11.0223 -36.7841
17.2506 -40.8033
-91.5743 129.859
-2.44296 343.091
105.949 34.4203
26.5814 51.8875
13.8085 -70.3578
148.126 44.9623
-237.393 -29.3479
242.355 174.773
5.74848 -118.06
153.661 297.342
116.145 -161.959
-50.5827 -359.458