4500
16769 21967
19090 4532
23739 10326
21925 6852
11245 16339
13105 31827
26089 3620
2738 2237
31019 22308
8863 30312
25868 29975
9027 26444
13113 15432
31688 2482
9572 16880
7573 13883
27449 2650
474 12069
29844 25157
11624 25802
13297 26506
9927 25449
25892 1278
4738 20009
11338 26010
27078 2907
8447 8921
32555 1536
6609 12898
17874 10379
19445 22247
3760 29928
4921 6221
12329 23996
30266 1805
19425 17647
15063 20186
9935 17256
7909 23684
18323 7703
2340 6940
20233 3129
18034 3161
16158 13015
10047 16442
9186 31120
4417 28653
21215 7321
22889 16368
13482 8194
31253 28022
19639 2107
31111 27404
29553 31702
5270 12412
30346 12942
419 16881
5008 21897
24527 12893
194 13530
9835 9496
30753 30282
10417 4810
30922 8536
433 21898
12930 11390
31885 16455
20371 28598
19689 17767
4311 8253
11166 28847
28690 14743
11182 14435
15492 30675
23421 27054
26047 18192
1598 13379
26807 19520
10667 6469
4888 27436
29689 16741
4316 28089
24075 32330
30748 12393
13798 31541
18214 30756
11621 24805
2257 21817
16685 28856
4877 14240
3044 23316
5054 6274
22942 21765
24523 23802
3992 12583
14449 22046
15401 32711
31454 569
25333 31301
28155 29531
22884 15804
8841 32532
18259 6373
6511 7036
8201 28985
9298 3446
10092 854
13415 19510
22388 676
2949 15873
14817 23608
895 12852
2601 8441
24496 15496
13237 23297
23767 21908
76 21062
29478 25748
2768 1145
32405 5736
18984 21550
16764 9696
18557 13118
30049 31030
23209 19561
24078 14556
27628 28736
4839 17272
12769 18755
29307 9006
23729 6982
29785 26653
6023 4633
19749 3116
27972 25447
6379 17414
25971 18399
32690 24931
28031 3986
2133 10890
25123 21916
3470 19219
19747 5895
2388 16882
11066 12524
10855 28849
20051 2523
26665 12285
12284 27261
2223 3428
18455 18808
19736 5725
15314 3731
14365 21641
30938 4379
8938 24376
4300 21893
5164 9775
26861 20052
3436 22953
4634 9278
17051 5019
23810 18826
28654 9788
32402 23740
16876 13253
22705 7796
965 29557
15150 32404
2021 18393
12534 1185
32457 2634
11659 5996
12305 12215
11953 26609
18903 10917
9835 895
14912 11891
16677 20761
18256 14307
23603 32285
22787 32470
16506 7715
10649 13655
30061 552
20529 14299
16444 2796
22937 4807
9031 31384
25445 307
29145 2468
27966 18670
19475 17144
21629 6082
5926 27473
11769 17913
17862 30695
29212 8735
1243 22605
12093 10762
8313 6040
13865 21784
13586 6339
29955 21432
234 29266
29775 26668
27084 11574
10825 15501
2812 27377
6267 23055
24428 14074
26510 9606
23602 1891
30049 1321
3898 12473
2392 5014
5688 20780
8951 1047
481 30447
5807 7204
31067 1506
27895 26153
12786 8303
14239 393
3852 6065
20833 13282
32351 9948
15290 8083
25697 32217
3832 17275
11520 24368
12435 10244
21652 21803
17344 23904
32018 16953
2116 12051
25474 20624
7046 12466
18867 1302
20457 2026
10285 31106
3672 6083
15463 446
30243 28966
18234 16528
12041 11422
3990 28538
8598 4443
32116 24031
2479 11644
24843 27494
5995 17294
14919 420
4644 12623
5239 20725
12750 13240
19014 21674
8840 11323
17900 25194
26225 19274
4517 18642
2493 17432
19554 16735
23816 28067
22207 14734
10729 29938
19510 14145
5579 1179
7314 23653
9976 1417
22950 19922
8183 23804
3390 370
9496 19409
11094 14246
24653 21252
29834 9189
5947 16755
23758 2215
26513 20197
19039 19073
7577 26698
16634 16017
22797 4421
19787 14364
29739 32487
17576 6518
24843 20414
11519 27682
28977 1294
24845 17467
15199 8542
17617 29458
5036 4150
7745 19737
18906 15144
26171 1792
8677 28685
9662 28189
15064 31889
13146 17
22500 8946
25829 9641
16307 19460
2416 5378
9722 6777
16249 7921
21326 17247
31587 27553
32568 20458
21027 27262
4235 11380
23611 31058
14325 10434
17644 1710
6357 19849
22951 13196
29772 11056
11718 14386
2711 1496
9849 4186
9884 666
771 12943
1986 14863
13606 22234
7686 21526
7643 4254
19532 4305
583 16321
9458 25329
19691 7436
21675 32564
28443 26069
12171 1323
30385 27355
5214 9537
11266 1649
6718 26617
19473 15839
15461 31351
13059 4613
30783 9282
2771 17217
4547 19016
21063 3219
29188 8995
20515 6655
21507 154
18076 15923
13256 21099
31503 11114
13233 17992
26099 13200
27657 10527
7949 21415
22748 28062
23010 3689
23050 31735
1650 23087
31131 12000
27171 9745
27730 8670
17660 14927
133 13508
22291 30704
28460 26742
23113 15272
17207 30963
17460 26623
19237 22675
25693 23216
18642 28813
12972 20815
21392 19131
25120 303
8314 2210
3011 26243
9477 19373
1502 3779
18392 29369
15209 25170
5086 20694
6085 12637
8601 16716
23214 2054
10937 15581
26731 3522
31725 21578
27207 29695
14585 13337
21317 14347
9993 5524
7440 15409
28996 16661
20785 31781
7077 1409
12932 24738
6150 18707
6893 30289
12670 5979
24903 3053
16877 20614
23453 31653
26069 24031
20893 9153
8812 3990
29513 21129
12783 1984
10224 10594
27192 22176
18781 15163
29075 11301
8014 27175
13774 17075
12072 18507
22927 26407
13288 32763
3050 16917
21085 1824
32307 18003
23957 8669
27665 26812
16277 30834
27092 1326
23116 17504
27913 5333
29898 22734
17227 6572
2222 2603
27484 25408
989 14613
1140 4280
21114 1145
18392 29714
17682 26364
16559 15023
10006 17306
13841 32530
6543 9613
31586 10213
1549 14193
6878 14396
15840 13733
3700 29982
6539 24564
31448 1090
11382 11893
8404 26646
24803 19887
30943 32005
4131 9729
11504 23546
27402 29250
25748 17952
18080 10660
5951 32237
8473 16606
22751 12638
29448 1674
21687 22916
8399 7883
27243 13119
8282 25140
8535 13642
9997 9189
26149 10103
29690 8951
18079 16188
2648 11035
8129 25967
28720 10365
29203 2382
17754 13039
20534 9410
18088 21571
7100 21989
4449 3576
1085 12737
15089 25114
31910 13403
4318 25443
6869 29168
5374 4262
5475 28030
2536 32622
21441 14470
9128 6626
17543 16400
12471 29675
28168 27377
20266 31641
27946 27977
553 2243
22133 30031
15267 4078
11625 5457
11840 31856
26133 3830
31639 30166
9445 25543
4770 5250
12476 20205
21102 18841
19266 3132
17687 32284
25472 4209
1780 11604
22186 5816
11791 32372
13115 10098
17880 8570
12871 31796
13082 29526
23309 25875
5165 11598
1229 4895
29038 9121
10969 27693
20972 22378
18157 19418
2148 24520
9667 21964
19568 28220
27107 15675
29691 29266
12473 9648
24824 8324
3561 269
30547 24667
20711 3790
12072 26071
18626 24718
5940 31249
31296 1997
23433 14111
31792 20720
9349 15160
28156 12169
25092 5912
15486 16345
22229 31654
10516 404
30827 27349
18167 12259
30421 28616
25288 23215
241 8761
2156 9501
6364 31003
6938 19797
3244 12414
13234 24968
26466 18100
14673 17969
28186 21682
26658 29083
32133 17848
14967 163
23449 12853
26648 2239
20871 25061
28634 19263
8686 14652
24436 11731
12110 5639
19855 7246
26303 24401
14876 14249
17123 19587
18666 30283
31513 10192
2680 6535
13043 4048
18184 7271
15851 31851
32756 32680
19281 2809
6981 5893
3720 21927
28034 15289
14194 23069
5574 2111
20265 13150
24597 348
19696 10991
8688 20575
30569 25915
17703 29352
26120 11574
29935 615
14023 9025
8500 31910
19483 21326
19505 10378
10023 30276
22077 981
12848 25253
15336 22704
3922 28782
31302 24744
16241 21566
3467 6390
13682 13755
15832 11267
10666 1329
11861 5163
16790 21629
25216 23489
24525 14122
11717 7764
12340 28121
16718 12081
17521 24806
19484 2345
21666 11848
24919 27541
30798 20153
6370 18583
27547 5656
7731 26786
13506 4875
8546 26428
15809 4584
24191 27906
13904 18134
12073 19181
21013 25391
23132 23253
14107 6697
5771 18739
12417 22710
29167 11307
31087 13480
5406 3018
13390 22297
5087 16268
25145 26122
16445 17697
28334 12618
13274 29808
9098 9882
902 13533
6452 20750
20752 6087
30488 26550
12124 31829
6231 12158
3254 8307
26812 13395
5990 17175
3571 7559
20613 15305
12533 8567
16655 11106
31687 23659
1337 10772
8036 3773
8708 5802
30200 1598
22802 27409
5454 14037
28344 14872
25996 18025
5718 14964
4126 4097
30947 775
23280 25130
2508 23650
17376 31898
7679 19336
28787 4370
31042 14836
17862 19337
17866 24286
15560 9606
10761 19899
18087 2254
28871 19971
21896 1343
30580 24630
23931 7676
22205 5153
25006 29130
31069 5214
25057 17082
5430 2842
15385 8457
15008 17434
22169 15684
28161 12288
9742 9647
32670 11467
25610 29416
5552 14238
2483 10184
7355 27586
25277 18570
4635 29421
19605 27951
23775 19141
30175 21280
10459 928
12835 12822
30713 23694
13763 22583
24016 24729
20017 20866
6520 26955
27230 7788
412 10865
1910 15819
30416 11039
21962 3572
20517 20468
10766 18720
30203 23199
3780 8469
7959 674
2552 15874
25590 2902
27438 9386
7264 31536
13721 18372
15168 22594
31373 18594
7346 3589
14391 11026
31326 24661
4236 130
31237 4029
27775 20071
2649 4853
24439 13279
530 2473
24320 4756
13630 19580
8896 16100
29912 15949
16558 31552
11421 17081
22910 17106
4891 32225
26975 10083
8203 16749
4329 18043
15584 19153
27217 6602
25504 14030
16096 9926
8179 20028
12451 20886
9850 4104
11363 22319
30305 7289
14295 12989
14648 26039
28697 29252
21758 18829
19543 16007
25727 30830
30923 6697
2529 19894
24045 7186
20345 32051
10215 10516
2787 14820
25161 28878
30289 14848
31742 12753
29731 15418
18303 2306
12472 29252
19270 20544
5764 29842
30342 20550
18531 9056
3609 18898
5677 6390
26041 6663
8075 4395
14708 32271
6409 27176
15194 14854
26476 8814
10617 10003
1349 30747
11 27864
26310 3432
7149 27149
20437 13943
24915 4199
20575 21580
15035 14271
23279 24857
1055 11376
10623 4542
13935 32001
25742 12432
26430 19204
16498 5465
28860 9021
1264 24225
21988 8455
13066 20524
14070 24820
15640 31428
27176 1716
1306 4409
3224 23096
5453 3749
8070 16406
18172 4596
1472 4400
19353 4772
30045 5521
19468 21194
12718 9879
4683 12886
8562 15447
28971 18327
5449 27197
24182 24834
21100 3827
29501 21551
13722 15236
18031 15908
598 5570
21931 6358
12879 14821
28755 18925
22816 24436
22754 3784
28729 17769
4223 27073
7965 10640
210 29874
21455 20272
30742 15544
16262 22765
11119 2870
2984 31213
13182 16413
23286 16954
14131 8555
27396 2663
14563 17394
27117 17015
14747 29019
21572 10234
9907 12138
28494 10105
17830 19588
13166 27924
4641 5486
15072 26730
16985 6231
2218 18361
26018 6425
15312 11846
20798 6844
712 10752
20338 8763
25389 11360
17631 5771
10680 2707
16400 25050
5739 18651
10064 14357
6415 13619
30910 9900
12769 5426
20643 20889
19081 27441
10754 415
6987 5808
3441 26575
28801 21494
8744 14929
25673 24312
21848 3681
24699 15740
3006 5016
31966 29822
4471 5229
3483 11475
15382 24571
30193 2828
29428 261
4907 16029
4551 26167
21455 3135
22902 24494
20249 22418
25388 5563
28839 28679
18860 23780
3190 9469
31972 2860
28429 25898
29636 12949
15864 27965
12368 25826
15480 18881
18932 25761
18553 12357
29208 26473
9156 29626
9973 19809
23926 6172
2215 29185
28593 18773
1155 31261
26001 14686
19114 17183
7522 10663
16862 22420
31504 9145
28053 3306
7902 9498
31308 11895
29787 17008
25630 22974
11667 1514
27541 28654
32386 3292
19648 16556
11470 10409
27782 21010
18357 1766
28729 27128
7235 9404
29551 15474
14793 4494
20493 25497
6796 17628
11428 1167
17594 2920
17665 17853
30626 20375
8447 31327
14627 16665
11680 10051
22373 8140
27740 17613
13000 11742
11449 25151
25626 3379
1052 3639
4877 3078
30687 10362
4328 9426
3491 239
2940 13683
13800 26607
27738 12680
17627 5052
14403 21533
28014 32590
736 5255
29358 9814
19123 25230
850 17021
20814 28114
29583 28140
17347 31847
18740 20242
18267 5315
19954 12705
16011 32474
7163 12506
23075 24711
22736 22283
19145 31022
4691 22102
9894 16544
29220 16051
22367 27966
15146 21816
9287 9570
17776 28825
11475 24570
27699 32491
26446 14454
8761 6317
30669 14821
8292 17672
29542 25946
25222 21334
25501 30613
26231 28130
7711 12767
24933 18926
17587 10806
24428 6395
365 26282
358 8004
21284 18439
19717 5004
32295 1972
17183 11289
29996 19675
12360 32001
20105 7370
27558 2980
6567 10906
30721 15226
10419 18958
15130 30735
8854 2493
16190 16459
28968 14452
13082 30455
24480 22998
7121 7293
32080 20037
27980 21999
6287 12806
31954 25931
26102 14239
472 30462
10191 388
6426 26790
27082 16115
32234 27932
9458 4125
28104 12722
24544 30086
27188 26809
7982 20142
19648 23879
14895 11249
24937 29751
26589 30636
31527 15984
6163 15009
14019 107
27901 32669
24553 21231
26828 6744
11390 16671
9134 21916
16947 1975
7677 19625
14939 22931
694 29657
6138 19825
28206 5248
25630 22775
3328 16406
25714 31992
10058 32408
8208 1779
27673 15403
9879 3036
4385 14851
19837 31
6834 1667
22439 4323
24551 16549
15159 8843
7969 10909
31142 6275
14003 20409
15890 19001
21983 16780
13785 18793
14850 12363
22374 23966
19467 25207
2891 22774
12849 20412
27536 10789
10726 25370
3403 20412
15878 10306
2161 4268
11605 26691
12780 7685
5416 31077
15342 516
13410 18005
12420 77
23202 20611
31342 19317
22459 12745
28718 13251
32613 24909
5471 13112
5426 16296
1608 31436
13507 11848
16817 25851
2619 13842
17653 29056
28404 332
11865 11873
15985 11451
22940 12843
30612 13320
10960 2943
32273 32105
31592 18893
4131 18557
23953 864
17534 1143
10694 31899
9348 20862
2718 21634
14011 12628
31465 23164
3455 11062
27132 29014
11764 26372
31305 9100
25407 930
3635 19652
20982 11422
5920 31900
24532 13075
23247 30373
17330 11725
8940 29615
20914 25773
2785 2120
22462 2895
24560 21631
7729 3819
18302 24814
24787 31609
8114 19703
21515 15385
20031 12877
2640 15025
29054 25014
19937 8920
10176 23824
17078 19443
24802 12946
25782 3741
28194 7509
13866 2381
17456 3859
12914 6194
9097 1838
22774 1122
6912 23284
25696 11828
6301 21281
521 14058
31915 17061
7600 28052
25357 31400
5490 817
5841 16332
27126 18966
25608 9394
16105 1172
15316 28095
16298 1749
24258 25120
15430 12295
346 11787
4774 32444
7925 14920
14343 17553
28367 7409
30379 15630
12125 1910
13262 3022
15329 21987
20956 26080
8251 9062
737 27244
7938 2060
8001 28314
24019 25547
21673 16559
11241 23237
16709 9850
5870 26315
20276 6894
16913 8736
25657 3856
13145 12160
14771 12820
2873 25441
28879 1218
23140 4729
14076 15391
2530 10624
3743 14154
2404 29239
4104 3236
14293 10665
13989 29235
14897 19377
3702 1353
13466 14268
21953 13664
6569 4816
26375 22089
1026 2766
32566 7558
20011 24308
13344 3828
23710 20901
12076 7341
19996 26477
76 32300
1605 5952
7471 690
18022 20482
24759 25321
18578 30541
7853 21959
4340 17774
8116 27830
26979 8880
6523 31474
15159 27102
30519 3122
15195 13315
1617 11914
7332 4468
23387 5008
15457 21520
841 19646
32052 20167
21726 10007
17440 11865
30308 27149
19426 20320
27552 32163
17029 13713
16389 15311
25905 2111
8488 28962
3652 14368
32116 20650
27043 12884
31519 24344
17235 17571
23388 6430
9283 5895
7635 22811
12652 24170
30798 16378
284 11440
30389 9559
23183 504
22332 21220
5056 799
30427 3852
382 31110
25087 15062
11714 22
23935 1803
18496 385
31697 1179
1340 27594
4734 5181
24223 15623
9171 31062
27466 19814
4313 5148
16554 31342
10120 1787
4749 6023
24888 19256
1332 18365
25944 30932
26025 9409
9314 17843
15443 22320
7950 32765
28103 1048
11719 1989
24033 13241
23643 3048
18708 5512
11766 3640
18430 17786
23889 29402
12607 30334
27943 7917
19852 9803
7401 27244
4607 15965
5554 26966
21681 17978
25469 20492
12171 2810
3734 30458
1369 24582
26958 16761
23840 23840
26099 27636
1970 15780
2303 1354
17279 17677
19344 6004
21166 19642
536 17256
14189 24307
6998 21565
2693 807
19333 3471
8241 8055
30675 14629
28464 4985
30228 14289
28185 28725
29880 6552
23279 29044
7930 275
8437 7227
20827 22037
20675 9874
29263 2959
24218 3209
17206 31920
6901 30333
15757 9552
6496 21656
20582 14734
31117 21399
4629 24760
18085 3792
14893 5996
24796 9075
30635 31997
9544 2320
30576 4120
18419 21337
12021 7848
5167 16682
16186 27894
1833 15558
1023 22549
30913 12644
9015 30589
18073 23018
12474 502
13676 27896
14906 31160
31906 18984
20344 25552
12321 3220
23223 3781
31845 9881
23921 11388
26835 27355
25930 17241
5194 9865
19778 15015
8188 12515
7982 1594
15484 5113
10601 13650
3351 12981
7367 26819
21864 4123
18122 29779
9511 7120
15385 12132
30274 10201
1837 14547
28975 27558
12110 12831
19328 14415
11198 13774
29880 16925
5940 3340
1373 9036
14219 26774
9294 31759
11708 8406
22103 21461
25098 16719
27651 8139
124 25404
433 4770
6544 7028
17898 6546
15150 32657
31218 10911
5595 1617
24733 18459
559 18237
3940 23916
31369 23944
21944 22799
23809 29241
11927 10205
2462 12685
28764 30093
12490 12182
11995 22139
26114 41
941 16039
19154 1527
12489 27137
26113 15610
20820 6628
31497 1043
3259 19424
30153 10737
32766 19900
15998 16692
20815 21179
2544 32722
8667 28191
31209 11706
20968 5868
8683 26296
19232 6382
17442 13209
17708 5885
23192 16015
14469 640
16552 9943
29575 11312
4277 14232
1480 21023
2588 1551
30119 20216
4966 15081
29736 20104
11459 2800
767 11133
26292 8938
16618 23150
12551 2750
20548 1564
5640 17369
3032 16632
13814 9936
32243 28645
5812 17479
19901 21054
7105 19729
5832 19227
14954 17817
24298 20432
15934 2176
7752 8119
12739 23687
3508 10544
16231 8624
12089 16357
7865 22944
17651 2131
25049 3912
10788 15494
14125 25028
17029 11811
29526 13955
29658 10668
30563 22185
24009 7936
18244 31665
17388 13089
25729 3927
24101 7994
16684 8885
818 225
24340 24748
24961 32665
28475 32645
14917 27547
1418 30168
21193 14806
13508 30381
4100 308
9913 30946
28783 23839
1212 19917
22547 22852
17494 2849
25318 19094
11324 19478
12631 14742
9599 3524
25384 16850
11523 10960
13436 2732
31026 14923
28977 15709
10225 21975
12911 7226
2259 2828
6785 7989
22413 31770
740 14758
31403 29615
20638 11596
6785 28699
25297 3726
9315 27058
20368 24071
3609 22641
25329 23362
28045 15589
5220 29890
14535 12361
26179 31046
16923 16367
25514 28235
17569 6113
12424 12241
5350 16583
24566 15714
18913 29963
1224 22609
29225 20796
12386 22336
10597 25520
21454 21220
8707 24430
14091 4109
30509 30282
31399 19168
23288 7762
22416 18279
29919 18025
4391 19277
1137 15922
19862 25826
7238 21808
18531 9061
2359 29995
4934 9347
14798 15317
22840 6939
14844 22445
22477 13124
5898 11300
707 30609
16338 254
1499 7060
13615 16636
6375 20384
7858 3000
23077 467
6039 7888
8907 12372
18423 23110
2531 12506
7743 25639
2393 4462
15584 12139
31059 30321
28744 27165
21952 6624
16658 5820
564 20439
30329 21728
32755 13396
7443 7456
19020 26174
26044 29748
19752 29606
28879 22871
10722 23372
22941 29679
15961 18277
5655 17520
8772 26011
32462 23678
3782 86
4894 25170
25667 15674
19877 25438
17009 9457
7418 14900
26290 22570
21660 2980
17569 5601
10793 7972
3306 30433
4817 5750
5728 648
5385 18564
23881 203
25220 17295
3324 11641
20063 14984
18351 12484
29596 25022
8330 253
8145 32442
31744 4511
22049 12135
19038 29583
32364 11383
20644 19106
5315 2817
29589 15456
27935 16751
14602 15368
24402 29591
29579 22484
28477 18984
19488 27517
17732 22856
7781 23554
2815 23163
23261 16550
50 15815
25480 7479
23552 22038
5816 4502
20059 9435
31776 8820
13759 2296
18478 32602
23840 21728
10651 27116
22049 4088
5440 8814
17286 26436
1067 32135
10220 4415
22514 1861
3255 10506
22855 22370
5453 17609
1229 31430
21122 19275
6698 5708
27218 19689
8542 9929
26582 25520
23123 587
18289 24258
19124 32414
4939 15609
24067 24853
9216 15054
19430 31622
22937 30585
14530 6807
24763 30042
17547 10552
22558 31128
31707 11633
27201 3848
24385 606
12124 12368
29915 29560
27543 23884
6183 7445
32121 8112
31766 13875
4259 17135
4962 10097
26814 17244
21282 4958
22706 14479
924 13302
14872 16139
4954 12650
30963 9502
8320 22048
1946 24328
11356 17403
20217 1631
11583 3804
28409 26801
29323 24681
25405 26988
3854 2317
24591 15099
15758 8767
31642 13106
29605 9736
30553 16108
5840 8127
15823 14578
1986 23064
26745 10271
30718 11869
25089 10434
15780 22778
30900 1348
6539 30527
30006 16907
9105 4706
2420 8349
20783 23491
11227 24073
19025 32372
13000 12419
100 10745
17471 18510
15280 14924
28127 22495
4840 8485
30997 26431
255 29815
20369 30385
3390 17982
1014 13461
14740 10616
21206 19084
11053 2161
12253 1501
16709 12356
13132 24343
3647 13727
31657 9464
26353 5830
22453 20110
31811 16091
19615 14492
13048 20060
19575 21055
11723 19693
12517 31953
15806 10328
19995 8974
11439 9426
12808 19317
5676 8832
25551 10737
17032 23609
14199 29881
14382 910
2532 117
30518 24071
30982 26530
4918 18352
27728 16695
8027 16084
364 10889
8376 23817
12589 10348
31453 24940
16581 9115
2732 12334
21304 1114
25448 27472
12048 12633
25103 2218
3155 30172
2794 2354
32434 4889
25954 13691
20483 225
18965 892
24305 8579
22313 2451
22002 27886
32480 8906
20090 22293
25709 10328
13423 30104
31495 25707
32220 10400
6971 8740
2793 19210
646 32483
16907 11721
28963 24774
15480 25221
23074 13932
5854 6536
22970 25599
14932 5851
26080 369
12689 684
27928 19973
24155 6387
22412 32018
9027 31830
7771 16388
21904 12361
27955 12707
2937 32377
546 1688
6807 19307
16297 10028
23193 7776
9491 5716
58 24701
8452 18923
9328 5928
29269 22590
19430 7605
2847 7885
685 8770
10774 18000
24623 27103
7705 18425
1892 8179
26631 22521
30536 13531
11987 22853
16268 4051
14811 16026
28043 6170
25973 31934
17793 22865
17867 29194
7159 18212
27626 26405
25474 25645
277 3346
17069 20501
11359 7277
17972 253
30329 31217
883 11292
8136 1086
16157 8617
7354 28377
27697 8187
11355 20085
5930 25071
15651 14961
4471 27786
5138 10145
28970 24543
27136 24657
14580 20275
29486 15751
15441 25696
1312 1417
5120 21111
20143 5023
14006 23465
22106 11546
2579 28264
13021 10133
32725 7625
12805 17531
4940 31021
25026 26058
15118 1824
12158 22
8939 26497
4525 28112
16931 24804
28581 1992
8663 23860
15280 9969
26558 6557
29536 29540
31001 3496
31267 9384
18921 19880
535 5937
11359 27734
30496 23334
13460 8120
8247 8296
1146 11591
27397 9167
5139 24912
5552 439
18912 5531
10997 4539
30621 2891
1143 12224
3883 7173
18262 5686
9166 1620
3844 11674
2968 22860
14932 30015
13605 17262
3796 26959
1417 18636
9821 2572
21127 9326
23272 26716
19716 22771
9379 23429
28602 13435
7749 17461
17969 19397
9118 197
8171 12437
15986 30398
991 26457
21895 21917
30762 24587
20989 30419
29184 30297
11998 32528
488 15620
9974 9409
4137 6278
29925 16344
15743 27895
22898 1739
15379 25393
23586 7391
13482 2355
31242 21926
3101 20931
14049 20934
7433 14168
17497 22781
14791 1590
13231 5474
2719 4571
25985 5102
7224 22938
11233 11834
12883 24710
21159 16778
12985 15505
523 22283
15474 8437
12147 8537
16184 26579
4233 29508
10028 24346
17553 5076
28871 23723
10234 5003
14610 23995
1586 1769
7706 13688
7615 18998
926 3823
10892 12923
4108 17965
27264 20434
30124 23716
20565 9439
23578 3281
22696 30623
32249 16668
13644 8032
20198 29184
17124 29713
15787 12139
31921 17084
26293 22888
25256 27473
19145 19451
1480 2981
24050 588
11946 23482
702 29960
21082 8001
17833 14341
18789 20573
27866 6949
32051 26538
12301 21116
32663 25982
11473 27061
16549 111
27379 1713
22212 7445
1338 16242
3332 29457
19028 1848
11185 845
27153 30441
12072 17286
719 29878
24809 8968
9014 32508
1774 19641
5157 7784
7483 19033
32491 17247
19895 27912
17339 4765
6714 7945
5210 25884
27879 709
10011 32567
700 787
5645 17167
25703 14518
15987 25134
24923 18727
13428 21098
16676 8854
7956 2572
7927 14635
4195 18226
9102 10641
11764 26226
4403 25781
15761 3264
22042 18635
27181 10386
6387 19347
21786 3650
29632 6618
18301 13235
20708 20547
6142 20279
7805 12615
6340 23984
19444 31867
8608 21494
17875 19217
2696 32633
25558 5538
10824 23080
32068 18219
11636 21905
6015 341
22945 24905
25306 30201
4308 12430
31148 31203
10555 811
5539 13526
27931 30108
12122 4817
22282 7283
15405 23185
24158 28410
32332 3415
26597 17690
6926 29675
11991 27771
27528 31969
14856 6381
15199 20507
12642 13319
27098 15247
10131 20493
8507 23882
11267 16919
6224 11957
14601 10096
4677 21784
21086 23101
4284 23388
26578 6495
27679 14613
20541 26522
17973 19136
28857 26102
2804 8008
25614 11621
29591 16080
13934 27559
16368 20140
2403 18283
6654 14000
13317 20407
22466 11182
13168 31369
3919 17210
32629 30399
12577 29872
6032 21812
7343 11129
23578 19756
25411 20105
1984 8178
11530 24876
23860 24511
29799 8451
23842 7646
2957 17737
6246 17422
8269 17243
29308 7464
12844 15480
26680 20737
11961 30917
11959 22418
10270 5012
16021 10070
23028 15589
8032 8948
28764 13357
1869 2590
17739 24663
9002 29113
2085 10505
6804 1854
910 29992
9322 9056
30077 29342
16258 28655
11665 2907
25498 9468
26025 11161
16017 8510
2223 15717
20951 25012
23476 32091
1058 7308
15682 3249
31586 836
28397 25719
21240 28687
7468 3612
546 634
6503 17717
1722 28495
31313 26234
10273 1977
5752 20497
26230 15274
3355 5904
27147 7034
20795 13885
1817 7377
27380 6680
10674 9926
25358 11803
15864 10568
3280 20288
26765 17341
8724 18372
9034 16106
26017 14378
4660 24083
16308 4484
9387 19299
2272 1262
22245 9102
30488 3163
10139 25780
24843 28820
5634 17545
19376 28797
15357 12723
30241 28058
22673 1139
22444 16851
24217 8840
17447 8820
23483 6736
10885 13432
19354 31025
8615 13831
11085 24887
14196 24893
24849 8702
13868 27693
19514 22739
21497 18982
4464 23574
200 4661
30487 30178
18006 12010
26127 12785
28302 15199
25246 17081
25618 12663
4522 16859
280 19812
7724 20414
16503 19052
4833 22135
1281 23788
31811 29677
27412 3485
26295 20282
22636 23062
3336 23892
15931 16018
19220 22764
16764 3316
10437 29078
15748 13576
4419 30251
21722 25100
2664 32363
1096 4463
117 22503
27698 1752
31235 14879
17447 16746
18492 1511
11446 22087
1866 5135
21379 21586
784 22338
7578 5434
21528 21807
19458 8116
18637 15079
20118 32519
28395 4230
14608 13262
20787 20502
3687 8697
15715 25520
22107 8214
9829 20196
12621 3023
30407 1884
24149 1971
26475 16571
26511 17977
11904 12235
26805 1537
6832 2264
9203 9054
28315 15703
22774 25362
4229 15564
4679 23128
25163 15594
23767 6184
21916 19707
7643 29622
4197 14466
31449 9276
13709 32031
2051 1529
9699 22452
12485 12409
19797 11462
3738 16920
20578 20518
8739 1218
11730 28624
8826 20476
10404 9747
22212 19496
3656 30450
11781 31492
11534 15563
2361 10613
3807 18486
27552 11907
19499 14128
1369 7076
2850 18297
19506 16957
32551 10298
5823 12902
31873 3819
28073 5870
29780 4980
1865 4766
27856 6034
8565 706
18857 15741
11674 19174
30919 12744
779 3550
22334 19592
2969 30729
25216 19896
7780 32470
2514 14556
31985 14726
13308 5093
9852 14132
19781 3413
30095 30227
29086 19875
15315 24568
1822 30689
20519 28696
23726 7580
17135 26130
8454 10756
11438 10800
17880 2124
19160 18153
9034 2388
24289 7083
28586 19590
922 11480
24413 12286
27837 13583
281 3053
17606 23468
10837 15679
7429 13458
2045 17275
9202 27944
10089 30187
5568 19105
2960 5118
6965 23937
8825 13546
2744 3676
12019 23189
16300 26593
31366 11190
31740 16920
25513 6455
2039 13032
7221 29407
1119 26588
11290 12077
8892 19751
3153 27271
14326 9701
28178 24980
23843 31139
582 27366
4766 31522
21823 13276
6489 19544
4775 17606
30324 17336
17846 4171
21774 5811
27048 4616
14939 3455
24175 16506
16374 9239
5541 22046
18553 15491
3012 13782
25164 18009
24985 28303
19642 32644
10742 8737
21322 12868
16296 21366
29516 5238
14248 24559
32690 11286
17302 10243
14113 23810
6242 11050
72 1024
11597 6905
16497 17155
26384 10638
85 25258
858 5934
21301 27914
22656 17197
13350 26029
15728 17422
19885 17114
11752 19180
24459 3095
32485 22041
14042 16877
14173 30468
27737 29419
24880 12128
23813 8686
26205 10626
4329 24991
20081 20491
1078 18748
28742 2248
1686 9884
27625 5846
9406 4461
220 26634
20546 17345
5246 20879
14766 23497
31943 32721
4306 27359
25400 7578
8029 30154
21522 30331
29102 19006
19911 6254
486 19875
25774 14521
6466 10519
20218 24598
23464 30390
27885 8720
12671 21529
8521 25520
964 32284
3592 30041
32346 23013
2380 1009
19618 3874
24217 9537
1100 6033
12354 927
12909 26566
3361 27850
16081 5417
3723 18453
6546 7486
4739 14280
26345 12841
26158 27075
7493 12401
29832 23396
18842 8708
19796 5291
28156 29307
6233 7836
11884 14496
18635 14565
16370 14637
9480 4801
19948 1751
30341 2844
18853 25483
30215 15352
22569 18168
18454 21775
21080 11853
7598 2490
2874 6468
19769 5649
20626 22623
30650 8020
22966 4209
3659 29578
6301 5985
19401 27751
8506 3627
30414 31091
6920 23591
32735 5481
28903 28558
20455 10973
13094 26426
23268 11298
24545 2477
19169 25195
1421 11605
22308 14384
29649 30223
7080 724
28311 3049
1230 3972
5988 12076
9039 30562
228 19866
31861 32483
8394 31988
10891 1141
5079 32447
24978 16998
26679 12616
11317 26625
25108 4582
29951 19962
28262 13439
12236 18956
14344 21581
14205 26080
4881 25058
13296 32049
12897 12906
7216 1838
23418 13361
10472 3871
3218 19557
19230 8268
18662 16924
31517 10522
32592 23192
29619 6520
16156 2762
11677 16505
12056 25110
12096 11586
31466 4694
1178 5927
10918 14625
29559 4369
6304 20045
16360 3107
31103 23474
5361 28061
10899 25137
25986 15360
14953 4086
22952 10099
24476 11257
7173 29029
20973 23243
7038 30580
14742 8335
5427 25997
10460 17478
31412 21333
21476 30801
2162 20680
31431 27696
8307 9760
14824 11152
15690 19193
13446 28293
4423 22706
19853 16148
9707 31766
25266 6132
3998 10812
15806 24725
2468 7339
12330 27234
3662 22722
3309 21316
16237 18008
29842 29031
13068 6559
10125 11328
30815 5198
21199 26319
26870 25087
2712 24353
6710 5077
26509 10010
778 32611
31242 6769
10710 1225
1977 30204
28333 32
18276 29742
17859 27161
3847 4830
30245 27616
10282 26185
12455 27207
15981 7515
4894 19488
7269 6954
27600 32746
10918 18884
20777 1201
25889 2602
25008 31279
15025 26012
16441 31799
2800 25623
8283 19796
13903 11293
30500 5293
29798 20404
9228 13099
25736 27313
9768 29662
3227 30262
12704 7069
14886 30074
14691 7149
31148 24520
16665 27941
6201 27595
2906 21455
25402 8200
30749 5456
6801 19628
10099 24524
18665 21128
13429 26948
30279 23386
7290 2561
26850 26446
9870 22070
26677 21444
24352 31457
13906 16212
31739 25074
13177 28431
15480 25007
24553 6408
6641 31575
12278 14356
23672 27909
26204 19661
26569 6872
26835 12253
21630 4945
17124 22905
10626 13052
19194 16939
18888 11091
7612 16597
27197 28895
25498 2547
9211 21664
5286 13344
30399 19631
11942 26076
20381 12322
4455 4236
26610 27184
30036 23746
4251 26774
12358 11199
15716 18744
15518 21046
25795 2828
13970 28755
1991 17972
17348 2812
30283 12138
6425 19031
9071 27297
4808 396
7753 28905
4785 25548
727 3476
6385 2706
30520 13975
19123 12584
2332 17459
23368 18798
32634 19412
2939 19927
29825 8761
13086 29876
19408 18645
2281 10421
22761 19061
7301 27308
18915 19236
14051 149
10848 20299
5330 5588
4799 32285
12241 12477
22419 25394
2337 8537
19795 29554
11039 19815
29779 22837
21713 32162
8434 19369
959 4162
29717 30067
20484 13509
14293 11929
20132 5359
29813 3487
28192 3856
20887 5104
328 25989
6063 31104
27729 1921
26039 23472
10279 22286
28453 21362
4100 4174
22042 13997
11586 13831
30172 2275
30062 10078
12678 24337
11933 17123
6910 15062
28163 15054
1576 8408
25793 32392
23641 28260
28415 23918
17423 12884
6459 18129
28895 3382
4064 19265
12206 23722
11547 17163
804 13836
6378 15872
25694 29779
12150 8312
31715 23865
8610 4503
26330 8605
996 7887
23674 15653
16212 14502
18369 31015
6402 27834
10601 5834
17293 258
22040 25704
12017 21590
25815 16951
2721 10290
25029 23081
11734 14263
6412 3856
23078 16370
3605 26374
3160 23905
29432 29964
20343 25267
13367 1521
17957 3280
27819 5238
24114 14361
21950 18607
25197 31473
2011 1708
24250 18812
7971 20569
2661 1702
6242 32419
11446 9832
31297 5596
12230 17735
7869 14689
21904 22813
12503 634
17227 24347
12941 16001
22264 11023
7946 22599
31543 15331
32026 28851
27998 14694
30176 27308
10700 32592
17355 28217
29307 22912
3526 9959
9173 21895
687 16748
19401 19818
18699 27785
14109 4004
5880 24885
26886 18539
1634 13815
12534 4148
31098 404
21173 17273
9060 4330
29875 1978
2352 13340
18589 8642
3852 26351
8750 299
26040 22644
28744 9508
27706 5608
19523 15986
22994 23768
4997 12981
17456 22664
16210 25837
21989 20118
28390 26428
18712 32475
22465 31214
31354 14994
4163 31670
10364 30396
26744 12090
12991 24003
17717 31186
28107 9309
12644 32653
24325 9651
6556 16502
29915 2755
26101 6933
3906 258
26138 22584
27746 17478
17311 9203
19855 32740
28309 6117
26748 19221
14428 15037
30891 17567
4281 6397
1320 4529
6440 23294
11895 17422
628 31796
6347 27501
26756 1972
18041 22048
8312 32243
30379 17653
11509 18385
23641 5722
19644 23254
16757 11460
22402 29371
27238 5201
23804 1068
19896 11180
14905 19660
29714 21553
6452 9338
5224 27985
3754 29651
16497 7992
18985 29687
13660 14510
3178 7056
9407 9275
22496 23825
2512 14479
3985 6716
24279 26656
30757 28903
18147 5141
20284 17663
32700 1635
27909 11213
12314 22326
9229 7288
26132 16786
21332 2508
23003 11066
24230 18745
18600 25553
296 27423
31731 24383
11826 26697
20710 28502
29788 18615
21521 16566
5852 10144
17759 7917
20751 14519
6217 17379
30805 12974
17481 13942
28706 17144
31122 31841
9298 28372
3582 9058
32189 1415
13896 26012
1292 2024
24443 27962
10187 10530
15530 31573
21439 19638
23778 30231
23673 9663
23901 8737
24363 23418
3064 2859
6331 22277
3559 24554
25110 7783
24232 17719
18119 24785
15157 25709
27080 6180
19838 14611
11415 25522
11286 25019
19597 73
557 30761
27244 366
29630 13496
12343 12262
4617 24826
2374 12667
29764 23967
8345 24060
18574 16280
6509 25990
28964 18556
13837 11266
471 15914
24811 32239
12734 26032
19439 610
5416 9579
6671 3658
13268 4720
18208 15609
20325 27947
16875 29152
28176 20806
27780 10138
32152 7372
30423 12333
8828 21135
18308 19084
1903 31687
26349 12640
16648 19707
8332 1799
6587 4645
20107 17117
23048 9745
910 955
24818 30982
1748 27582
8371 27304
22142 26954
21422 31517
9262 4430
32165 5999
32724 28361
3372 1329
9413 27533
12637 12646
7438 13891
14286 26270
12039 18863
1728 11874
18731 31029
1945 25042
24614 9884
5525 11661
29488 1299
17592 3281
10906 3441
5383 32740
17574 1985
26103 434
17564 19966
15910 183
6170 11291
15177 24351
9900 326
15973 15916
32668 1646
10307 6361
6668 24067
14878 29117
23361 20733
28318 6193
22338 23839
24330 18613
32674 30845
2233 11408
13466 11836
1737 31927
27739 30873
5140 19440
25761 31788
26976 15415
4748 2158
19414 9057
17580 378
24502 25343
11098 5904
4936 30597
15183 27871
13846 684
7791 6148
4184 21780
9958 5582
3760 15150
30838 8132
22039 4441
23567 233
21527 25419
29089 20542
7996 6835
13358 13449
15301 284
1059 5461
6302 6421
11240 23866
22675 4751
4790 12638
15294 24198
4521 16956
15681 9700
7958 6564
14651 10146
17438 2563
12020 16944
4227 8933
29531 11287
187 20152
26547 8157
2627 32211
2185 32552
16950 695
26857 12583
21022 916
28113 16430
12042 9487
24038 31392
18145 21058
6502 6930
6133 17924
3678 15277
26331 14699
15645 6356
1659 23440
24808 26375
26211 30354
4335 16392
23393 26078
28032 27452
22096 16813
11643 1363
32050 25550
8198 19244
23167 10661
30337 3058
5821 6004
27325 1676
28753 16601
5480 13876
26005 6808
2252 21093
17706 6555
954 1531
6288 17207
20672 8598
7411 4785
9634 19775
15944 22529
5896 32078
18585 29653
29813 11914
17309 5337
8312 11667
11404 23094
14630 28029
561 32600
9415 12734
22337 29941
22224 3914
24299 2891
24850 2300
10160 4521
9520 19256
30837 3888
14934 19151
983 30939
23336 19234
26046 2237
28665 3979
7989 6794
2366 15352
1145 12633
24130 10457
20815 2728
9243 11837
22427 25249
20700 10807
31791 19868
7948 18055
30177 19172
25943 16758
736 29886
5764 15874
2120 29095
32167 24379
20467 2782
2712 13037
22675 3106
17059 12159
27645 20669
10625 18715
28616 8641
13959 25104
9239 18834
10782 6772
17587 164
22387 17165
16477 6022
13936 30578
31330 544
20970 9069
19055 10297
26140 30628
11943 7996
17236 4472
25587 12603
18668 23086
22681 21812
3196 24908
11537 31891
334 13894
14100 23033
13330 1370
15093 1340
28371 31673
20276 8367
22826 14055
7761 25507
26802 17252
31454 11821
13755 28300
31192 2602
2115 28604
1847 15745
12578 11446
10436 20904
900 7495
25387 13418
668 4647
30033 21991
6039 25376
24039 26588
25551 18546
24384 8740
834 25463
30047 12415
21314 14979
29269 11667
4462 11278
13514 20272
26336 7445
11481 10200
13224 26301
8993 8575
11897 18234
30232 5519
11427 23023
16803 9775
9793 23254
9444 15557
19124 14627
6739 20921
14672 15652
5649 24957
12884 17772
24185 13002
21536 24368
21239 21036
14498 15857
5405 26304
1810 22107
18419 17468
19935 8302
22927 24113
14569 17627
2790 141
30704 14769
10722 29028
26956 4664
12725 24560
23775 1565
17772 17622
841 29648
14535 6058
23898 25131
6984 32182
16333 17748
31114 22007
16179 2788
18644 18025
6189 12617
12526 11909
26590 28265
10291 8967
18592 10631
5608 22260
9974 19563
28364 5596
25283 12221
32752 13148
4281 9907
23497 5096
28691 28140
7556 12999
26759 411
30361 18783
9334 7911
15011 31667
7015 29842
23919 11818
8371 18137
5971 26770
19073 2716
9153 27236
17653 15295
19995 21578
26021 29392
16585 2782
4941 32234
19082 14005
21955 217
3591 1436
8749 24702
20398 4385
14193 32117
21949 3670
7917 502
3741 10961
9577 18169
29042 15095
24649 5278
19696 7547
4871 16843
30832 30753
2273 30487
6979 12744
14031 6375
32326 19879
14776 7382
7094 3031
1253 20059
24902 29457
21686 18086
22639 10170
14740 7114
10504 13340
20262 2849
10774 9719
29640 8940
29925 9528
5177 12091
11864 26632
24467 28173
31357 10248
30593 20151
20068 31963
28844 16522
5170 16358
14198 21680
21873 23891
11499 14167
24490 13916
4084 17426
5942 30918
1742 14715
27729 4011
23739 20510
9840 4477
18424 14482
31189 20296
19438 17641
7008 26935
2988 16715
18088 3162
8341 16349
27210 15782
18774 23527
28289 22078
1308 14391
18935 5361
28419 15552
22747 26883
28113 22407
10804 23088
3044 17600
14197 12782
2921 8755
14929 18931
2767 20965
5328 9207
19835 28661
32675 11963
31934 24516
29365 23626
29956 13400
31746 28030
29518 30723
30892 5831
14050 5951
25675 25128
27456 29405
12933 29314
28249 23903
26336 3093
18172 1954
24275 1604
24465 8384
547 2712
22793 11572
19821 17672
2581 22847
27390 27000
32406 19083
19947 12927
2901 13583
863 15725
18933 14130
11823 26509
4390 16691
24756 4263
15643 3016
18649 26313
23613 25093
25203 8007
5153 17024
9169 16641
21175 7091
22676 25572
8133 10145
7873 2484
8852 10941
14869 29704
12266 6663
12697 7062
29751 27768
27510 11440
3603 7072
15113 11535
11496 6030
5434 11984
2028 12784
24330 13500
16723 17531
2668 11212
2498 5773
30038 7660
6150 17937
16151 512
18694 14244
2027 19749
31734 20981
20173 10553
32462 2162
24972 29853
7931 31009
4897 28473
12884 8651
11328 14529
11343 28768
18989 1079
4981 12951
8145 9394
27411 10453
19725 22365
25907 16464
16462 28354
28874 14452
22114 17225
30771 14214
11402 3323
25564 4743
22736 2700
13632 19547
31898 6553
19989 4138
25984 9262
14278 11015
12379 1931
32547 18639
8862 22568
30808 30804
11754 9974
32539 15035
20956 11240
1834 8739
20522 31154
4341 17288
26350 7889
22167 32742
1345 22475
17675 26785
11788 14008
5533 17188
32027 25601
7070 28616
627 23656
6748 14328
26598 20552
14162 18324
5348 2078
23707 21906
17556 29257
8109 16363
16931 15886
67 7861
16221 10207
5019 4748
31098 23261
28642 21047
8250 2971
27629 15241
13108 12325
1833 27524
18794 31041
3541 8645
30498 28916
19822 29468
17905 25160
28011 3962
29465 28237
16427 7952
26645 29278
8236 31413
8561 9125
11645 17288
30687 994
32630 7639
32648 4967
7846 4928
29088 25703
23309 24598
21565 29553
21131 12295
21609 26936
15257 3579
1653 10645
18487 2878
145 21455
13605 25058
922 6169
22870 5727
9779 1628
18850 23677
13847 14903
25787 17268
17326 2117
23394 27985
3038 4254
2267 21915
13347 23200
12190 27447
3298 24047
28239 393
19962 7354
240 23772
413 13120
8790 24068
4446 147
8665 4417
10634 19612
336 9319
26300 3936
12093 2108
428 15745
12612 16674
27976 15880
21218 10998
6918 28001
11355 13367
22904 20903
5620 21611
289 25635
23395 16830
25479 5135
17284 10733
12425 26271
16461 29282
17907 22594
23300 17313
7504 25381
12463 25570
19455 20216
4813 9471
18825 11766
8259 27025
28722 11039
27289 1366
27598 3528
31590 31959
2774 5718
19977 26695
9659 6215
4506 32173
4218 30066
18209 1606
19057 24207
4101 17188
24689 31993
16583 1308
13588 27059
3055 31711
9041 5545
22855 103
12109 1849
7496 24213
14708 4338
17618 25112
26569 26012
2336 10896
14714 11640
16378 2803
30904 201
31788 30768
32453 27538
4664 19219
32335 24226
21832 22889
18428 12750
8294 10852
15686 7038
32751 19009
25993 16747
3909 295
22874 18086
24261 29011
30747 31453
30201 24690
7116 3802
17934 12366
16164 29260
8328 19117
18913 16074
1588 1142
30556 21525
25182 15382
2912 2461
1605 14114
18748 6471
30924 830
24855 10094
28274 24125
18308 3112
32132 27018
11095 16842
25234 11462
32182 7342
26911 11186
16499 12339
19612 4944
3737 1286
9624 16965
4932 1184
14129 12418
25270 15888
12494 31267
27048 26619
14352 4503
26334 17377
20229 23810
8958 18081
27295 17119
23202 10816
19813 27114
3756 19686
31337 12349
11994 297
21626 7609
21146 13198
15770 21927
29727 2381
19123 19359
25012 23637
24453 16297
22864 14480
18147 17827
619 15976
6943 23523
14865 3722
4803 21789
25909 8938
1409 6534
15687 14599
15725 825
19209 12656
26730 23002
926 2183
15842 12666
15331 19589
11451 12475
26115 13502
9606 565
19782 15911
21753 29976
17450 28949
25247 4370
30901 13383
1998 8563
25353 20775
4826 31631
569 3405
10888 1123
23387 32069
26053 14716
28383 29842
2968 16661
6175 14066
3926 17792
2870 20196
7445 8135
25878 11624
19042 5522
469 30470
16183 11851
3400 8721
27431 25473
467 18989
6876 12426
2431 23823
451 17773
30029 1156
3078 24831
16075 29109
3259 5707
18404 28073
7259 311
19708 21259
15221 11877
15677 21806
3491 14936
27947 14414
16574 27608
22399 24345
29774 19863
24626 20845
13636 2836
19928 8292
25068 5312
27951 19342
2589 20320
4856 2941
8115 21170
28677 9607
2878 31571
27540 11463
30972 21472
30683 21605
29189 6491
5348 14103
5574 24273
30107 14312
1968 5178
31526 24633
25905 29857
31348 24325
22500 8069
25 3433
6149 24958
1625 7267
29479 28708
20866 20442
11049 7468
26240 27358
16742 17620
20395 12594
556 31618
9187 8711
25712 16039
991 20491
4543 11498
450 31394
10872 2435
9967 19571
6713 3812
3103 25383
4247 21663
14257 1133
29202 19588
13889 9282
21831 6921
8571 8303
24680 20208
2353 21843
6890 15395
29356 28642
1917 32227
25152 8430
6721 25633
8995 5542
24375 20524
16768 22876
25846 17549
27334 1163
16287 11311
10310 23832
14354 7364
10237 19416
31586 6243
1966 19283
24199 4726
22069 13255
2643 15315
16151 2160
9128 23081
5213 10759
17383 11934
10915 4745
21931 12214
15212 32313
10680 6775
16824 9704
22574 7883
1241 28276
16899 11045
17794 12687
18095 7015
16673 961
553 20228
32622 7088
10003 27233
7748 16032
18737 18306
4017 22070
11296 23010
32329 4993
27205 2466
19391 17211
2051 18918
23990 14155
18225 28285
11476 27023
20171 1216
18968 15321
31463 13244
20078 31031
26859 26515
26753 31864
5118 19487
31953 8171
5564 23257
3077 23146
24366 32761
21378 11671
32249 6879
23612 18790
16853 23986
27596 2268
22081 20551
3012 11286
9334 31300
6975 29580
4505 30853
7868 151
27956 446
16940 7985
9191 7778
16713 23804
2651 6084
10794 4487
21624 25213
11796 15308
3288 2061
29844 22781
8315 21445
9418 6272
21180 18148
6408 4408
11651 6144
28828 23558
16829 16807
29673 14223
19465 25671
32445 6464
4532 32587
25822 20368
2536 17799
1254 6533
10016 4310
32081 22394
21727 14593
14293 14623
32162 20963
16114 3265
11539 5323
4553 5068
8831 31010
27185 142
26506 16462
10504 317
16162 30933
23751 31804
177 15558
5721 24986
13207 12117
46 13788
32471 32197
27531 14844
16656 26507
18468 21681
25776 4528
14828 8433
17508 10615
16684 17844
13267 6720
10450 31484
139 23212
12044 24594
32571 5378
7190 1810
31012 11985
15185 22953
3530 29655
27284 15134
23791 26658
13254 2959
3265 1397
9389 28798
83 26605
22785 1676
21066 11748
27333 24707
26585 3862
15575 30618
12271 28418
21445 28917
25262 28308
12514 23660
21792 16640
25497 20621
13605 18417
17666 2020
16816 15075
4531 25466
21299 24013
21977 30363
18520 2820
24455 32732
10994 5212
11085 29533
8499 16272
32525 31308
32543 25060
9994 2986
3136 24328
2370 594
20892 3904
766 21559
996 20674
17575 20205
24046 18527
8155 32107
32613 5478
31680 6927
9152 31942
25496 14306
17776 20338
25494 29214
350 4106
10224 26861
20116 7095
4662 19572
24122 23127
14562 12048
14277 14810
1328 31711
25963 30955
25392 13955
17626 1235
14361 26658
20521 28315
4832 23985
29455 15217
19209 7027
16467 5198
446 10684
7043 6357
14622 7931
10985 22909
30167 2807
9659 15602
7927 10073
21138 21689
4095 29035
18973 25875
4409 4383
21015 9253
10828 12627
25718 29781
782 11603
14054 7671
18073 14240
22133 19497
15521 24048
11152 20731
3333 3701
31278 29908
24995 610
12875 21777
23153 12716
9368 5614
1994 13325
28529 27562
24325 13135
14351 16102
23884 21191
1023 28751
19627 12320
18130 32636
24424 24922
30743 6425
5523 5137
17798 20550
8413 12803
13694 1850
15022 11981
19890 19244
8305 25333
4639 10099
10803 6189
28737 13292
12140 10966
27270 25244
11804 25796
6147 20630
26650 30017
19557 7711
27305 10836
31787 4625
13389 20291
12563 3197
27869 21590
8914 3220
25560 9182
18440 19912
18684 18550
29555 16430
21269 18569
20835 24615
18708 23316
22894 12607
8544 22957
2148 24661
11121 5061
30342 20733
30618 26410
7666 6690
28966 16847
25954 13808
24231 28880
17174 26864
15499 24753
3087 9333
9712 13031
17278 26680
16314 19609
32380 26431
23010 17063
12283 29699
15120 18156
28925 30673
19053 31424
6404 31089
2994 19137
15049 30470
8582 14292
22832 5941
18950 12646
26748 30089
2469 25848
28607 3606
30774 9946
24213 3165
25671 22582
27410 368
16561 28241
3065 17751
4205 32526
25391 1969
17577 30388
11375 21406
16667 23280
1086 2781
31382 16158
6946 7218
25563 19908
10511 30987
7345 2911
13602 3682
5944 13923
1426 17637
10106 26749
19427 19541
12611 23835
24924 13868
26675 302
10172 9090
22033 12334
25129 2609
7010 16991
6761 21816
7738 20564
26196 25693
6995 20401
8585 12055
19804 27957
28513 3754
7827 18423
6433 29588
6294 29167
7284 2600
1654 22969
32280 4729
32014 406
13527 28537
15763 10164
16569 12642
9836 17327
17016 8021
9795 32087
10036 1089
25948 180
15464 17159
6437 21319
16413 30172
13839 3731
16733 7406
29597 9180
25835 8266
22202 3375
25137 10493
13904 4002
19578 5497
28182 29405
31841 3387
13226 20953
11657 30635
16863 26856
9359 23108
20056 1270
28989 25076
32086 30734
8449 7110
18382 14112
30109 8382
1983 1281
29727 14596
7874 20147
24596 14918
27363 7399
30457 9559
32175 16064
32754 18204
18830 4570
959 24744
14675 2955
16619 6822
26130 26472
12358 18423
24369 7947
11670 15261
14530 3860
6282 13784
21520 28014
495 11406
5752 29908
14630 29424
635 27027
19926 1115
26385 23441
23006 30332
6463 18830
10126 22200
27627 2474
2070 30411
23024 6951
28222 27823
5742 17777
8536 18879
30563 10331
7283 19740
28288 8620
28114 5456
1077 11226
10909 5425
2319 6677
19157 20488
28995 21895
397 8435
3723 32731
25944 4488
7216 7932
31998 955
20840 13855
1139 13058
28131 28675
32265 20663
29857 15991
25572 16317
2310 4894
3502 13158
8752 5487
7821 13716
2184 31231
3922 22559
20887 24323
10484 5495
19996 21008
828 9355
7771 25382
23489 17385
24759 26861
22807 16422
11907 23102
3652 14720
23318 24805
21107 27842
10525 2470
16621 872
27190 13694
30020 12036
15546 12330
22481 5088
23513 4078
3681 18149
13805 17039
25900 25275
15624 27553
17415 30770
9679 30729
986 24033
2188 2746
14419 8973
6270 9922
16860 10700
25972 14986
15307 11369
23450 28761
6873 12811
30098 26651
4054 13970
21702 15969
667 2498
13309 1192
14655 10659
26669 3806
32654 7207
25488 14882
25270 3086
28410 4300
21828 11527
3434 28589
20303 11032
15839 4248
16115 10559
3949 7712
23810 4954
15247 13476
14837 18244
15039 29833
5929 22849
1860 2503
24648 30620
588 19623
22788 12686
12090 24523
21260 9570
14657 28526
56 22999
30514 30189
13575 18118
24978 10630
12108 20740
12016 30560
13604 15754
2677 12236
8235 24531
6333 18379
10480 1926
16101 21456
1702 29013
24550 8135
14108 16165
1057 2133
751 15215
7995 31074
4606 27622
26666 13781
9246 14170
30608 19614
16911 8924
8264 24314
31407 27171
13887 7154
110 30510
14214 5413
15106 32043
2981 20680
8540 15000
19761 15595
28634 9896
20897 26622
3774 3560
25437 8851
15583 25122
25112 28262
21150 16769
15712 24218
12572 30967
32115 19781
12714 1500
20053 2607
10625 23256
16671 26327
21940 27650
14234 17335
17250 17993
11788 713
2096 13844
22354 842
24310 16677
16175 2750
31929 30659
26340 16180
12762 24856
4097 5835
11148 1752
10618 24693
27019 25635
4861 18939
15372 15277
10883 1858
24047 6428
22566 32460
32572 433
3122 8065
21453 6187
25470 17328
31304 14312
26109 17745
20305 19278
5008 10125
253 24937
13086 31104
30345 18133
6119 22077
24652 9695
20757 9746
1002 29159
30612 1294
6347 8713
3620 29377
18635 32508
10157 12099
10547 2105
18386 27000
16361 13408
12744 8849
26851 4312
6505 27350
12257 1206
27268 23459
29276 15073
6776 29361
23993 30579
14337 12951
7619 23650
11601 11409
20312 24927
26723 22399
2914 766
23948 22577
7690 27928
6227 7905
15912 9326
20098 32257
22781 29582
10621 7736
17956 7931
14803 29607
30662 9352
18707 6256
31502 2565
32225 12409
23772 32541
1608 14957
18110 22143
15442 29188
26652 6716
30934 10117
32690 16240
2194 12425
6467 15653
30585 22017
21388 2676
9806 25466
17016 18413
24178 15264
16786 6202
22523 5633
19135 27646
26117 18964
9517 17667
15693 19322
135 13461
2300 15235
20587 6441
16832 13300
31773 24387
31521 12040
13949 18838
6931 12468
4662 1132
12231 5423
9785 2120
22471 10418
22122 4042
28738 27773
5272 9428
32164 11546
11699 2283
618 19941
30521 31968
14389 28108
28914 11183
24349 18772
11997 15527
5959 32220
8042 20683
30906 4646
489 28537
23918 26643
8515 9801
4518 31662
9960 24632
24192 4972
6664 14342
8907 17843
24326 18908
28184 30616
19242 18482
21012 14573
8342 22512
24085 8571
1659 30675
30962 5004
20876 30483
3352 1965
12467 16195
15066 17841
4611 30072
1289 12025
21487 13997
11205 32243
5817 29542
10642 7905
16941 11924
1711 1500
5006 9145
30371 9752
18385 6220
29720 28265
13833 23647
20204 28422
28195 15999
24710 3214
12243 30428
23142 25672
19918 19882
25344 17839
20794 198
29899 25902
29026 11421
13205 11304
13231 15434
11289 19003
18388 9470
12755 27590
29768 28837
20243 14760
9977 23494
31569 1611
32319 2731
3008 19426
24078 6595
4645 24558
25969 3396
7658 7
22579 25620
4974 7129
20703 20970
3488 109
20204 25777
32204 18602
30001 6445
32181 14107
3231 8928
2019 23794
7982 27439
2622 12877
16152 3009
1756 953
20038 18472
14104 22772
23047 19139
25828 14584
24328 10466
28256 28468
2433 29228
10155 13853
17836 20286
3832 27365
13435 29589
1765 11914
22666 26286
2825 6163
3923 26731
4812 23575
10913 29881
5756 3454
15943 10864
27293 23435
30225 6523
25984 28955
2043 15416
791 22823
5793 8225
31495 3216
6135 429
31999 3356
5178 24433
1864 12731
20774 18571
2974 2064
15722 27200
22079 28460
12377 8420
27457 20381
20962 4090
20008 5287
16066 1437
26552 19153
15608 11551
32264 1956
5241 21743
29400 32431
24614 19392
15396 26574
27387 6375
19194 6828
28041 5125
21640 903
16294 8167
12665 21811
21091 3242
18306 7266
1598 25891
12599 6178
12697 11134
6180 31655
27499 18724
29977 32075
28214 13795
10949 22227
10041 6729
11910 6900
17894 29008
13184 1046
24470 27969
3053 8279
31612 9170
13491 32467
6871 17809
16188 16931
4460 25734
3458 15395
16948 3604
5225 30456
5202 15393
6226 20306
13383 24951
6125 1007
30057 5481
22862 24161
26514 8889
19780 22800
29973 32185
15590 26242
7414 26033
30062 15834
7514 13697
26187 20639
8764 10119
25969 19903
19554 4291
3572 21972
9359 22329
27861 17573
20219 10135
28700 13296
4864 11800
19494 7015
2838 22184
19265 12792
4353 22601
15222 29777
14921 4021
28326 29860
30955 27973
217 22439
13390 31249
22738 8928
28280 14425
5863 16415
18818 25380
26127 23116
329 20774
25405 30562
11623 32487
3820 29628
24418 1058
31995 17040
28962 30827
14012 6073
6057 2837
840 24249
3582 21075
2581 8958
27754 5533
970 19812
32743 5974
27985 23292
13782 8619
28974 28940
28656 23230
31504 29270
21631 9220
10662 31133
28366 2283
4788 23910
13278 193
3430 8444
16218 2001
30436 30390
23757 21455
9510 14204
12563 10102
31754 29576
6158 2415
22692 106
2714 25205
18133 10319
8386 18103
13599 24194
