1648
-2181.92991034786 -10084.155909127327
-17418.407797605872 -5058.69748329071
-17501.333158210393 7162.818046092128
9552.953485307811 7487.592558853233
8697.788456941715 9994.859179683277
28763.24849622637 9003.66382480847
-59500.51221621745 6811.770704175964
41755.536816837535 -5167.696957012527
39250.66103790858 -9714.44692080561
-103.34628689850024 9190.233805282262
-23638.363915401103 -7197.851086221125
-30816.785901507057 -4689.490262822334
84523.2004816984 -7818.151968356159
-5186.790571911017 10082.051807719636
3780.9297831262106 -9253.91207411825
-6135.854670536064 -9267.805334874987
-34719.62495791517 3279.7485036806015
-3794.878937077533 2837.687515161806
40889.70289416191 7195.042517364232
449.5629430840572 7259.049168246797
-11009.669668000515 -9843.047451701252
-20563.987886918236 -9993.547198367427
2801.7108581723264 10094.192796683179
-13743.028776055377 -8751.855278562754
-9967.891181338771 5461.860018181304
-2742.4955715874603 10073.358482469977
24153.26646966929 -8820.335773486873
-3790.635362503941 -2016.2433670108428
17891.233512614217 4007.608008182296
59414.25333616575 9507.012707454003
21269.131043306796 -9269.400973653435
1891.9224496118184 -9372.512994045175
-2509.6190140339395 -8855.061106210438
4189.368811972536 -1295.9987057192218
-861.0816036367705 -9782.222408229585
-5033.251387152006 -6984.1497391456
-5204.752075415613 -8656.044603685095
14749.865550892986 -5200.92063397064
-951.0293896335966 10039.65407605535
761.4250602280854 8997.772600460512
-25471.73570285699 5874.279183723542
-95.88806221969844 -9637.989183680496
-3069.9417079884597 -9756.785085469692
-12358.964225727479 7689.063332019703
-24790.711021017072 -10025.929809063953
-50563.30025150987 -5419.318228730555
25044.485320131847 -8373.023506724692
31378.206520290856 10047.955728051094
-12081.346394483948 -10023.159339172493
-691.8335424701975 -10074.939103899944
-43601.31713894518 10007.382914851058
-793.4496579950046 -6468.47560177011
40061.998029907794 -9796.002023778567
-16194.051093383518 9832.39341956672
-28359.329853945266 5949.625442498209
12614.957741117943 6176.1028328137545
-48340.381795968555 10001.774681892251
92211.7815347641 -9936.547256221056
-9726.373207587938 4291.881391414069
30486.43989967013 -5659.85691322105
-5329.180114440414 9779.590806449265
18992.469606951723 -9950.427362852837
44714.223392476924 1269.1807338917415
5712.878687683107 10087.535213670042
29484.98138265769 -9151.343766742335
-24497.30516896214 -7915.742073717641
-41695.77657006484 -7288.785892199816
-72098.74999117981 -8485.870109831141
17754.08761167159 -6211.535971467101
-7129.667074827234 9753.561673893379
33717.21384778097 -5940.008429578835
62707.67447035514 9639.446206523426
-41036.55243912484 3789.318601298243
-11908.581283520882 -9787.608836682497
45783.74066587348 -8098.19249058401
-13902.167461775985 10078.599073447578
32706.720370372954 -9956.194677401398
-1884.8057878241025 7545.563897427991
-29704.82143241154 8613.327428959123
1381.3299387815057 9964.833361437542
-37425.862974292584 -9217.179721235734
2752.607045390116 -7681.451164274288
-33838.43943260976 8089.625912605876
28970.270844876602 -9705.304168814731
60604.66388915056 -9285.718481152362
-27854.829853759846 -8957.159051722701
-55.8245045879562 -9525.723388134587
24115.2260266351 -10020.622955693647
23713.021116993736 2709.703224003786
19909.32730766932 -9986.613005614723
36921.50951481082 8182.0636007683115
15865.504100193273 -9859.073695465016
-582.4589382178556 -8166.7613734686265
-4635.943340476554 9043.680086944927
48516.132546685774 -9914.604427722737
-37707.611820221704 9169.661905119377
-8229.000353212945 8785.380032097675
81855.00201849255 6988.199183219299
16297.062504682704 7444.702607046981
-71741.0636497458 3751.808758764267
15986.896001706333 9802.061324571112
-3589.7214628967954 -10080.056522501833
-8261.60659649033 9553.864527633337
11034.628680384269 8762.98853060029
-4830.447038965733 -8637.528776976278
-10503.4614900932 4408.449530802691
-17015.216486954145 9237.623031792664
7308.468194531157 -4589.561695536048
-5241.443524803451 9631.990477104553
-11380.419828270064 9211.805107654345
11502.728374115217 -3482.5207254478782
10447.809431675125 2105.829387174868
5381.827601762137 8479.15379737112
9469.098510418176 10011.013489591947
17776.672829203893 -6151.813445296448
-16565.071753144257 9093.326333447323
-67577.16814699734 -8143.357625941172
63088.420127776226 -8621.59391153923
25451.15340340277 -7186.265489898373
-24004.015302411935 -3706.3262430697296
17088.704536112382 10035.378915131116
6175.474136515166 -9310.681309381003
79027.5428835385 9810.611142275078
-23479.839844279762 10032.438399359626
37131.830928198186 -9654.356809166295
36808.7529531007 -3048.1516787170954
176.82085411916705 9112.09813708144
-42885.871492403574 9708.567210174851
-28902.535603024782 -6022.472065169462
-26493.243158408623 -7925.723967544108
-64108.895947707 9944.539209583454
82604.84117363827 8915.026855428016
-34450.004807360776 -8718.970703717134
51231.03304045629 10071.188938556144
9705.32085422902 -3766.8278792768238
12275.233995501907 1593.4249719186919
-42138.57564701935 9894.387845332083
-319.2617432607782 -10095.43059659444
-5246.033319395012 -9896.812224554347
-4009.146436638982 9198.661862345234
-14330.929814871866 7186.53637699232
-37038.8628046934 9609.56112672479
57775.15792848807 9728.041390143033
780.8310191938544 6996.049597545648
-45366.45907514014 2033.50070236858
7654.9549348714 5594.207329229513
-59399.16439036122 -6467.3038899514395
4131.625225188311 -4994.056108427054
9381.086441348656 9571.12824865051
-9512.482188398992 6464.4205747045
-23728.02143463602 7123.42736959617
-4053.2040925275796 6643.568209267429
-14146.181506643075 -8863.372161947374
-38546.4791629863 6974.689846249647
14277.144041856824 5937.361041675567
24055.329116669713 9595.054592275104
21182.283402767265 696.2420291237615
33161.180784084776 9978.914566931744
-32834.35045249511 2715.919582070566
-2020.7024201342372 9962.959840578269
90927.94475863979 -4971.832190230572
10139.048172306748 -4884.995064552693
21189.991589233126 -5024.357088797285
-50616.585564556175 -9131.869526401793
-3961.0466303819517 9455.089514631509
29237.89697656555 8306.39035155769
7560.975699132452 6416.197129684491
-8490.108959380419 -3178.0986429552904
68744.63804130662 8496.423366421095
-53600.55966547616 -10056.11286288899
26582.489852789957 8596.926013195703
35303.12979728733 6877.230938418969
6596.973863640865 -10076.656928093944
-5153.721383275354 9363.281544538204
-8129.279566493542 6046.733468249248
5708.104774920605 4888.2482908615275
45060.15620870732 9399.231099451155
-26680.535002648725 7164.5345086662965
61719.31606405596 7717.87608665811
-39670.622579428986 -5876.520159661182
-54324.58949998261 10044.01471018551
-45687.85387433866 4077.418937200725
30814.81242750028 10011.690865159528
39549.60321794385 -9864.045305823773
-10274.505612322042 -7452.40056636944
47841.4009862606 -9519.190653123569
-44967.18978081591 -10047.250449229046
33766.18511594364 -10083.138393424702
-15499.65843253877 -8221.604030469589
6879.943149984282 -5941.846827572943
31295.958251986303 4969.797433079245
78885.59778550327 -9435.786325027115
-38013.78900338184 5421.367740280462
-54822.65117327622 -7104.921317326123
68331.38793958264 -9021.601059590588
21233.416114851465 -3968.5177464193307
40606.80426509339 -6694.7964081464115
-83055.96989500492 8320.439739992993
45543.51619340158 -10005.438617417703
-6519.224121858737 7934.072147915266
-18.508323748182875 10008.386134845397
-10915.946126177525 8484.78529242179
2543.123544647706 9627.08457659247
-11733.033564727242 10050.153284365804
-3555.403614017673 9928.500451832006
-22895.953244808585 10064.456737929122
58221.547307674075 6919.154670591759
22392.74376021455 9944.535830260453
2890.920343550103 9081.984540327543
-4675.452004490591 2460.7867515017024
-57038.08900495705 -10062.771149767286
31202.806971105627 7524.262552130207
45488.39938341974 10051.610193789877
-34633.1932090874 10035.08129285881
47917.30543018554 -3859.134737347058
5540.2458230027705 9419.827906856726
18529.821608114515 5004.581001439738
47686.787693512735 -8520.332697782882
-3427.9599955974086 -8080.684621537635
47586.44506183517 4786.1163959019395
-57399.253648847036 -10067.087793273253
6646.863098595503 -9365.033920687192
12840.740581584829 9989.196274071823
-23188.628866687483 -10022.840858220594
66844.73898905305 -9007.28362396839
-55157.285708018 -10074.258210908343
36385.013375363334 -7734.550399102909
5605.931204584912 8419.790399751073
-72536.95541894664 2377.8337084748273
-3443.0661340039724 8991.753851085849
52211.95065656244 10022.165707684486
19024.88485568958 -10071.707720332812
-61221.69207031158 -9845.745127747008
-13629.907133511238 7493.284970587426
-5868.1529907252225 -10048.859268382217
-12210.081469764209 -9962.818264594418
-58317.08589464038 -9807.536413412046
777.0470478698712 -9571.433158124913
-7383.841160622433 10018.714876553735
7574.729447812051 8327.67214634397
47120.939230965116 -3931.129066376638
2013.7924658957259 9975.394331477324
1590.229284816597 -6819.752217961832
51638.838384448674 -6563.841700844469
-11674.84822432842 -9020.826385661276
23819.022692665298 7491.996101098758
-8677.844802683145 7455.401187675038
13531.495814707076 6170.670926168519
3609.019735517185 9774.121264702322
10611.444608767268 10098.301893917143
-11650.495971141661 9323.703539224645
31759.10042265874 -7960.531352275755
-30552.57727304307 5260.955096695201
62083.89950732956 9858.94545156057
-2928.4754883493506 -3528.0438448229233
-86501.60560559305 -9695.027859899976
17602.91794791163 1511.4478569353623
-22950.347051169967 -10047.040086105113
-2121.4448835849735 -7673.6426911206345
51401.64238182238 -9736.85689662288
-19082.943672904963 9739.174181997118
-39269.06900974296 -9424.668209011688
28262.006388940543 6537.139714109286
5759.142033727965 -2922.5138795118455
14900.034956503558 10084.509529372153
58638.63714483445 9189.988173231812
19509.74897824937 6458.216034673202
-13154.962305763933 -10092.453211842505
-14158.53552810335 10030.17570276948
-16913.17472791778 7923.942678942815
-67181.48442768413 -7706.539440811664
-3717.966302042047 -8926.834416488111
9296.821873375533 5183.112240265333
-24809.607182671698 -10071.507831144187
-49183.79861927547 -8643.376739591937
5796.993209582654 8573.957809853344
80770.58980409615 5512.851560586314
2170.775636064509 -9988.88079231612
32740.146332946395 9638.560349739562
13505.044088334069 -6523.80623612832
-23792.68760503899 10028.389524676984
36279.215211776616 4645.590621536028
-4619.487428339315 4714.883519054138
23763.04739340127 -3168.6255696370804
-7886.883616831705 9621.035759833874
-5339.592299854468 -6188.749109439798
8406.979851128826 -7916.79902781604
2553.8422256736885 -9796.219745996568
8818.96680279761 -10075.179223238973
7363.441446537318 -6106.216638688458
-53457.18923913729 -8507.966894660949
6029.6851690728345 8165.744530659473
12897.356487032672 -7221.9068547798815
-7402.618887917617 -9984.739863703666
-810.3821954196424 10063.80749405729
591.9785919659539 9089.488873088298
17311.436630253993 -5199.883043823231
-73810.21728671006 7358.113727091217
-86014.68773309888 5760.149291453148
845.1943577792308 -7383.244319970357
86992.98627112148 10032.647616110791
-18926.774615974777 9371.480725788884
-84099.39403850235 9980.699880463728
-14257.196457171922 6183.249203609175
2257.099724277772 8743.723477429412
17359.995942511614 5837.1174258163155
48768.244261224 3529.9885262255452
22241.729482297113 9473.081631338984
-15563.62589212821 6577.677230718434
-6978.762313840394 -9654.966610805783
93138.82861553326 9941.007402366264
-2462.145548696997 9057.576333671805
-40223.76697234309 -9372.214571414315
34042.89364072742 10009.98340819713
15077.13686495169 6655.585340604372
-30369.12996851164 7206.239919080643
31969.240873293453 -6256.008456863836
-58827.03030208495 699.1878480742389
17113.049944448332 -7201.071954057591
28320.407281606123 7356.158326432772
60990.62951250329 3831.777993102259
2167.437037681957 -7561.956623799634
15611.335661304187 -10085.352824027661
6298.41972232535 9765.810440033003
17732.195936694985 7171.06922300471
-15052.348604133578 -7974.1117120783865
25876.53136054242 5060.608678968738
-91704.73725068601 -9260.575656914647
-18433.644436771858 -9537.288791805693
62725.78785152527 7569.441331791291
29156.27453839719 4563.087903814966
329.46986266978274 -1581.7999929224366
66552.10806349672 -8885.363364863684
-3161.2270618961993 2177.951539704576
-85802.85547926444 3340.9538620490216
37809.685697514244 -9336.64207102471
65917.95470828585 8325.470243670401
-33280.227472199906 7025.147382919695
-4927.535529832872 6047.087283353476
-49437.159349364345 3361.485841151934
-18731.722852562096 -6660.7490721392005
-62849.3646299907 -1208.2507056854504
-40303.24936065948 9513.107155949558
18797.027721830622 9932.039397110604
-8223.850852114092 -8326.01811597866
57068.950810856375 -9933.110628253175
7166.642487786493 -10098.06069167197
20817.73585581472 -10086.717916420459
57993.67261748816 8947.987710535981
-19473.828767447634 9233.289341510264
-644.2689961961432 8423.69967351817
-2417.1351981004022 7863.115711722931
30737.83912481602 10085.723400149725
7151.633783498327 -8471.060877820746
34398.347173808375 -8935.274931576243
-5228.929376493206 7385.932792587965
-83703.28312531099 -10015.23706388641
-65110.99575925061 5002.580144771735
70260.87440596531 -9337.660417643294
-29715.961786977456 8966.359622977494
8687.025231250198 -9406.43198807082
-44103.56148207292 -9632.545046573303
58194.31676964117 -7162.687210757891
16380.9825371642 -8387.798334614343
-14316.987788476712 7982.330442529071
-24341.211953384893 7612.431178801407
-16648.84335435208 7401.493589489935
1144.125121278853 -9094.490412691217
4600.811477648416 6347.955501268518
12888.486450964705 8862.894927707739
-25305.064560102277 -5646.684071507007
61443.55766081593 -5234.494176774669
5294.006664867777 -7583.55043982757
-43098.10796074893 7154.635174154371
-50198.47481154716 9603.254079011767
7275.574699782969 7083.478830921766
48955.16058471492 7454.772937481712
4786.309530827282 9869.644041631882
14237.75374942883 -8856.312870783768
83805.29566683776 -9081.766424323087
-50612.60729094945 9963.208262024847
-55519.10619432876 -9587.833524659616
7471.778214991177 7991.228940681812
-1896.8925865047106 -9546.857649562999
10685.332854749535 9667.169224332143
-12806.339846582649 7519.189599780928
31645.01737529193 -4410.961094271074
49622.6901492927 -5500.951562650046
-21243.075888297975 10015.698363426527
41996.01191014328 4473.036312289983
42520.23540003097 8344.906626739916
37707.54246520771 6566.63450180304
3589.0931696909984 9809.434038652369
10007.659561730778 5375.979598280988
40766.42766282489 9548.329149553894
-22121.46772463698 -9327.938936546023
51457.47992084388 8663.359118471695
-4101.362330025112 10090.881456319185
17170.62645244166 9032.626984723925
4035.0009161027037 3750.433204920593
21508.168321911086 -9963.965070874161
30956.38982522522 -10056.218948432646
15011.01397787241 -9462.067857484377
-33746.966134166534 9431.681123733508
-43662.56266929896 8990.288352208387
3248.243248016753 9667.756638860414
-4634.566456198827 -8834.43866427578
-83407.92189856432 7428.961892607809
-19462.268227777102 -8312.940931855845
1328.868954882913 9856.080460117546
-70783.07026097889 7582.142208519559
69221.69486604408 -8220.795523766079
-10027.812969552711 8750.463390788042
-24956.954467484233 9938.342325560667
-8584.491793988169 6236.261461532355
-64297.508511019376 -1252.0680568031244
3499.026209050813 9000.0097353255
-7891.922341385014 -2375.1624076446155
-12768.044486310127 3853.722848583339
19507.501017219834 7302.101397410475
-8042.188216319883 -10072.250165213034
6194.442481498531 6948.800376423343
21864.350753932937 -8475.264649796547
-1781.0890429206559 10096.843519198517
30048.817038823992 10094.417532995649
12161.103715331155 -5912.910940516263
46372.11112005917 -9724.172435883405
-19832.458847395326 9384.401613202423
37696.762858461225 -9944.018343398413
26448.61934693626 -8129.557124260016
-25467.437710275764 5743.738891313047
-22565.314978574737 9795.141757551739
4328.1548566302645 -10087.283829857312
3079.2899782804034 2923.328649677099
-38815.103917848886 -10023.669245549343
4571.782251894147 -7762.923055356477
3937.5265894292997 -10091.675058361425
6182.525241355784 8060.288582898012
17350.044895504754 -5976.523601334215
-14993.03763174863 -7035.461705781181
1342.8440078068802 -9941.519153274416
1251.6824215467514 5170.807380044757
12986.695904389935 -6578.1228787547
25696.57713684514 -7491.798195460345
17911.10494332298 -8507.868746708242
25738.89170849172 9546.928102561345
43847.26236662407 7136.107360667961
-63992.78261846481 9754.341436331017
26318.871004964516 9058.645004303224
8045.565604846618 5985.903128512802
224.29570848041294 3885.1779992719585
-65897.66806749259 9890.38850702999
-5365.266725850576 8782.764216359508
17567.566509390857 -9821.572465366851
-14867.090961282585 -4071.5733573720513
17761.826258218567 8462.933333964493
-2269.287722348584 7423.431310219919
-64426.41665334961 -9120.54374342059
13538.529942671965 -10042.44732720287
40444.14589888393 -9889.487266437496
-26943.837764799828 4042.7092502975224
-13457.339672978589 -9059.476310700848
76471.08750830298 -6990.657389056522
-21263.20939479537 5414.288509424954
71.57994641025653 7525.253037413979
-8506.468950568711 9914.69241220831
-19234.64907065653 -8510.031039479674
15845.24440112459 -9998.276544457052
7195.597129174585 -4144.6649818203805
23709.30538980931 -8809.37479384976
9922.09216495948 8289.567860742043
-38006.502629449955 9730.75043718825
428.52756916062845 -6544.943082766515
2588.8937478374464 7003.70050845082
-63873.584803026635 -5620.155513133049
-35591.34097574476 9999.367985428109
-47912.27395858276 7144.637090345806
-30379.93969517981 9984.269066723562
-5817.378426054537 10099.700847204595
14423.187065793734 1151.683260391202
16941.724686423822 7766.454458056603
43243.779652836805 9429.181684356168
12654.808825615986 10084.452599669146
-39613.933254983924 -9015.325710767069
-5328.376911210316 9868.87370812322
42402.99757477405 3361.578550007339
49591.45862121907 9969.187898985954
8611.173060542127 -6715.980902766297
-42224.76306194366 9901.145046211484
-8022.615328661628 4790.342325628262
-25985.39139293111 -3482.444819825981
-37960.48714065072 -9912.114270006741
1283.30564333667 -7937.340151644417
-1067.5184175422112 9923.521889255055
-7275.200915509773 -6521.7947164217685
-75673.652551538 -10053.964658506533
22053.32819452729 -2760.587889046488
13429.435250778866 7433.610261000259
-53063.607599334064 -5315.941591288929
29321.969332726192 9085.15783412705
-31436.92822452828 9315.725104874875
1928.0853733601525 -4074.9820553113336
24439.731559725908 3634.2770243542504
-25185.165442536003 9460.941747831288
29133.540530913604 -9733.462722757433
819.558342329985 2935.1365502400267
-19768.69594648894 7274.581127891277
8770.040298482156 -5226.633824744893
11243.342968231089 -4831.299156602676
-1139.565746498078 -10044.612546533363
39199.35061218402 9661.696638351234
-2963.7371879696457 7202.933124130258
-40099.84376695339 -8541.299067803326
-8831.508338140082 -3625.0453097188583
29063.421458486533 9729.794149629153
15698.43228452545 -9733.591470748766
8717.892824539105 -6284.753121918632
32663.77729542799 -5028.828228366348
-5260.628655624983 -4754.477850523638
21122.953056200364 6015.029070782406
40352.59592779506 7183.896912463678
-15525.716535312373 3978.101752703278
11826.713835650164 9662.77463770326
-20892.892736120375 -9521.8788082119
20625.21482506853 9607.885451994965
19419.693142506418 9032.375986644318
26740.218739934528 10090.277409730836
-10962.150826691686 -2852.098898575533
567.4686649515133 -1729.214740001494
-42229.38433343212 8683.2273534522
22715.1399938134 -7027.366766091404
-746.8921226225903 -907.556629717607
12434.047477449283 1331.5003256588382
-43352.16829991122 5235.729329710737
-19791.8915057341 7689.135050964956
12301.187849771999 -3607.5851457933422
-16512.427459097213 -5473.2550265597865
-5098.562332626252 -7990.065741479665
-97600.2063027691 -2522.416929872323
-18957.930764333098 -9940.347792941351
-14408.93408602072 -9382.006392282776
-35554.233062248095 7881.85007214224
-49283.03359413204 -7159.85156383003
-16720.052922982006 8170.245758428543
6969.77750715141 -9403.11756187563
19676.697742568456 -5590.346669444711
-9977.36603813951 6162.920534262863
-13315.711999071396 -8977.494246262439
11376.132972920168 9326.500298446223
-13223.635283846374 10032.625404046044
25080.097310308876 -9620.619456014372
-32420.313278396465 10089.428029607547
38461.85188132831 -8019.557674511176
13272.030699019346 -6472.742492013242
-29368.639141114123 9031.89308370794
16652.246989757703 -9236.92378537872
34772.95984435676 -9877.58099957364
-26372.86978892947 -4165.304806214032
8274.383938795221 9863.2421532032
-62043.49289242028 9676.197984297214
-6033.085610476376 -10063.217728009138
-11430.982270709766 -2661.202007487389
56435.68022659437 8887.195308359762
-43363.47540900953 9241.50456225668
63185.04939979787 -9922.342933777576
6566.370735285902 -7345.613574207282
500.19608022302157 -10076.958680330692
-8327.766638164656 5948.052339204663
-6542.342147939968 -8951.508792530001
43665.591264690476 -9044.032436573338
26057.354696349437 -9747.141542899035
-64500.21222358886 -10016.185633631938
8504.116770210672 -7257.854604709943
69368.66050018284 -4633.46681693525
-8783.479369095938 -10096.081354357295
7869.826423517845 3247.519936096839
-8832.902961559126 -6522.788425100746
3829.8846603461684 -9991.306936847077
22217.864676947225 9976.631450856179
-46330.88530852038 -6889.694987859437
42432.45078654128 -9832.777506035554
-18374.625478752543 9734.11218610107
40654.55857257303 -7739.393783148451
-26900.819984754962 6652.365492759909
28014.50353485375 -6529.7698116331185
11830.283663342365 8287.792671355375
-77833.35288094882 10027.794187520394
88185.25043505924 -9896.831169493147
-14443.063060080185 -9607.24671940552
-81598.70475561327 6352.7844700399755
-64716.77478518817 -6271.977258567657
43775.5620384686 8711.972445429396
-44646.77025816492 -8436.345081832591
83.89567020126827 10087.500260498347
7033.770616239945 -6757.057246191624
-8674.383248296874 -8546.115202294775
54749.79747917853 9863.995777417573
7181.846932701903 7263.976072991208
30129.006314018166 4485.581688695433
-27058.538065550973 -10074.161379581068
-66990.49470477857 10010.819936082646
31052.07916123842 9792.297261221816
8985.286099916393 10066.59643324524
-6988.8192309629785 -7951.946863432188
2646.0827495558 9911.48342929911
-22615.57296099946 4206.834049615025
-20665.793664021337 3612.2762144917756
15425.365039323073 9542.721810742409
70.14829394895514 9314.226221644381
-32474.076195034773 -9863.665846590271
41682.700947763544 5163.149293919496
-1835.9268676828133 9433.01141454571
35000.97766715425 9556.237053131068
6815.826499739007 9047.875848491736
36635.52380599391 -7237.847026833871
-73867.64591926202 -7596.911748320064
-10691.048294165954 -9107.821861027047
-37917.20504059798 -10086.303064523532
-24220.123932068986 7885.305963742239
-6221.979233500297 -5638.886413596801
5075.123338604101 9857.967049279741
-22238.7815050734 -7084.254395152531
-6320.486663773784 3616.5212010980804
-30696.311340493103 7303.6708430180515
-17329.72948641963 -9107.394329188097
12770.500573222718 8872.023802668018
16789.94791246934 -9418.02370883519
-45999.361133342034 4187.829390506815
7635.954233173883 9945.092640057868
6925.811555401705 -9752.60504464626
-24417.038784622713 10044.925425828762
12041.311227673435 4048.615921377796
11556.87231788809 5289.869500790108
-35735.214307011105 -8589.14283622464
3872.6145169237598 1947.0870167419062
18424.471192795747 -5811.889519643728
14651.066220464976 7993.383983803546
-31489.54651917931 -9778.835845417601
-17701.265837219205 2896.5989898461007
-27830.621069521778 -4890.28250684036
12208.592956594948 -9618.842957216335
-2692.955684924551 9628.397659714301
67715.0913674676 -5209.771618024054
-35381.946357153916 -9456.215619259598
-37977.89972583553 10058.482386808384
2298.649730351425 -9276.116020008161
6611.674957259297 9747.50664892362
6091.976623499497 4718.78464157761
70956.62632657899 7274.408954366837
-32008.18389206802 6176.24439344434
-4784.003406417255 5943.9550657284135
21538.032731622443 8742.627869305637
-4457.011822802428 -10072.134378975423
-43005.60659400153 -7569.324391927715
11006.884063707434 -10076.932854156323
-18308.097070842367 -7540.4953683215645
15069.686153268061 9518.94333219682
-7546.227584729042 6584.761685547886
-23544.06693716485 9815.097481858564
-5263.589920934413 10099.428256370356
9671.928966826727 -6752.70117268748
34498.83639177906 -9378.28353802447
54689.75691671152 1036.7222166848817
12306.744587323054 10068.972005928861
11821.351587147148 4830.229808595007
-16450.499335679768 -7459.211415031823
8849.500332003472 -9400.041605901044
-13287.572836684732 5638.316712869283
4481.261107018983 -9493.11663028122
5426.054608723025 -10028.847782513903
-19068.08998087859 -8362.432684907577
-1074.1468004593935 9969.918427789418
8070.492536687661 -9520.90396471712
-12960.025483818881 -3818.914875205932
-5832.81830538059 -9642.346208702991
-2596.2821133627567 -4568.364440432156
-28970.995549376115 -9978.498231200312
-53601.69090303178 10082.587873239076
-28195.629128585984 8457.664274757066
-26107.178200728344 -4109.06217905503
11487.94181742721 -10091.335165513523
74551.91324772962 10057.034182779673
19959.179588126426 1042.7574379570892
-48399.26327877021 10049.181399019424
21935.05930902308 3767.916983499536
-62971.9640202545 -6595.364977823171
-84984.87084629043 -9968.354653262679
-19414.34482384506 -7928.411264558228
-14267.251034218232 5454.528011631933
56028.35920831867 10078.67741739028
-2631.0034907081217 6549.214609304063
-12209.441618655277 -8609.218807059104
-22230.277625655326 -10085.232362343198
21691.91385997655 7562.134851195655
11690.12032772504 10056.111060991369
31892.399447379077 9348.10992416294
-3145.171693506296 -5813.964066280357
36539.336924045216 10073.509004654745
3617.875648620173 -9614.221413906953
-99312.42114626234 8238.321707868976
53664.993013785584 -1641.8622366577365
35280.652592777755 6671.2478219776185
-26864.595901783945 -9482.551819888327
-13066.368916438465 10027.149326333363
15048.25685927513 9897.880750212353
-32648.25960766375 -7201.399340291701
13600.751728252715 -5912.00038352
17529.856261845696 -9982.319981689021
2125.879059523514 -10046.913351633415
48413.32293906253 7989.652211926938
1776.6503451815852 7851.064295696946
9296.693174737968 -7430.6164432984115
76499.34481034383 -7857.562778674315
33425.740737221626 8788.396204162489
-65983.89900991226 5695.68703893687
2716.6073255254255 -8827.220321110179
68559.62635189391 8744.498707684252
42664.75612203093 -9666.781816862018
33267.46193207929 -9722.784038126905
30185.485032677694 7964.282857605411
32453.73862458692 -8649.824376866825
1350.2145077731348 -8256.648828706546
8992.879314213176 9661.929812689648
7957.722779124491 10046.832930356555
6547.362185329969 9554.102712950347
48481.491628036085 9888.092819476557
16071.608840082445 -8685.93897436677
-15767.284621269697 9848.482488406664
3874.772026655791 2066.452110508909
-1534.5732078323836 -7373.952546278402
49392.60242557367 9387.777574979395
-16045.019377266099 -8275.254143414695
1223.7168994722124 -1781.222202736666
10435.344392325671 6211.068685272086
59773.852391408276 -9808.379439671135
32564.62510339548 5971.244802502163
21361.971499956424 9922.12862544867
7491.580504438589 9140.088503275805
23050.055255034087 8445.443201349177
-53846.797740246606 8977.26804508991
30965.361515654262 -5096.517278773361
49351.430416366435 9352.10125285266
93765.0026762376 9585.695068529525
-31422.761510003646 7626.229021541666
25628.246430854433 7570.150270300809
16382.565910054607 -9508.992436840772
81208.32975301279 7496.041608550569
8147.015719379324 -8804.721767705958
36163.62126461443 5485.948177722931
17379.245111156255 10045.956202293166
-8240.539184719166 3480.7862325573883
15242.229969244358 8983.535054150369
4608.057500990077 -9678.675817688536
9609.389864937582 9747.965740551583
-55960.9700434581 10014.094719768835
2421.8882663758263 9533.813735022382
-5416.13851618875 8514.233048390874
-804.6999147428878 9771.262849727025
-26462.627099189172 -9571.282512389625
11207.030084793205 -6487.035899281989
-3541.960150154054 -7419.965527099014
-9909.882515458636 -2088.3015042931434
-10981.43800210907 6163.72450355287
54393.22624714632 -8182.300224953876
-66779.4910731269 9258.634474912169
-1100.9490798870447 -9201.410324013732
-4859.337740209867 -9688.20097619391
-4046.8888197672295 -10044.406389505271
-26397.087988066938 9206.763958867808
-20911.132818415063 3649.1296347623393
35699.86596723142 7429.094839240667
41668.586668306285 -9277.076703050065
-17884.777973363387 3558.551731604795
9388.03943602114 -9677.209906018517
-5661.343215129396 -8457.414799885664
47510.62327667979 9906.964597805803
37514.84340809527 -9801.019618190056
12204.340164760704 6997.896203067407
13533.089837881209 4235.698688532029
9743.976027245775 -6273.01564394954
-18658.337697255687 9934.835480392585
59665.74354493095 -7998.272793556754
-16723.171573534095 -10074.321385307136
9208.592558544304 -6490.164850156086
38491.517870835625 3848.6311636698124
13983.422635048835 10055.808092213903
-1276.4524763055415 8701.610185438405
-36270.09655848174 -3671.2049544210076
23481.777860723923 9951.494454755095
-9847.581918515962 -8325.005992025583
3817.8682405934223 -9853.710975636575
40977.29038561914 -6785.535439767465
-6517.252709407201 7851.655561491841
51810.15223784602 -10025.469092891344
6782.052269846514 9541.484227963356
-39028.05762642996 -7837.412359637724
9961.897777042266 -7920.666221841639
-22552.700286466545 -10009.542698288344
-35656.56885629644 9006.195258171356
71031.7844428282 -6856.115496044923
43431.624769767084 -5573.41662179187
14015.144224315878 -3978.796143616354
43415.29471782787 -7212.248417224985
-34956.62002676074 -9931.512211539915
2619.5302629361922 -9613.126787657111
-87418.41809260636 9916.75313923736
-51339.25684772777 6366.053537407951
-6452.241393147493 3767.155323577115
-6046.594929575367 3652.1285519278745
-71371.27063416326 -9988.232539297236
65860.09300619684 -9148.860303561318
19140.498678864227 9701.645288808697
8840.252852918402 -9619.292568544748
-38745.20440309236 9820.790676439457
3461.7776277988914 -9956.401586869291
9792.086771800443 -4275.109202475637
17596.491873594212 -8702.149445194273
20886.237580744903 -5048.26171547071
-2448.3126737908938 10067.966742644068
11184.045860876498 8690.063996729416
-21652.431037550185 -5972.172595058447
25347.774339340136 -8483.885523002275
-4341.899553260339 9250.73580886131
12929.756765564554 3869.2736551230464
5265.810939905406 -7576.108294316819
552.2957381041906 8605.235285092664
6816.957821438001 -10085.436928151674
-17144.94304705199 9421.909953928976
20877.06621140593 -7204.398015348527
6237.247480266764 4619.05705453571
26484.882465701376 9678.745222781312
9297.89258033541 8967.641826937883
-29571.100266265996 -2767.267964163903
-49052.302101150875 9462.53621992077
-81604.21993225548 -5828.595250156955
-42943.11141181116 9871.729635424883
36413.390273834564 -9984.790983201647
69562.79618247172 10048.045139180995
-15454.595934610743 -10005.45313716884
24360.708333431452 6707.932676929995
10008.800716141006 8393.680045072057
17193.355112536534 -5525.051300700985
-8631.210768175795 9600.796271400217
-1779.753809459952 -10022.623851987692
10070.956111532352 -7829.774444431162
-395.1993826127532 -9703.298318909008
2497.474062057135 9913.3043097825
2859.6116424060015 -9899.136506502144
18407.138679850766 5075.313898427231
-76553.17203235558 -9825.13114337734
-4999.058914413364 -9031.038311697896
57314.8562642688 -8773.029918839886
36893.575764839 8877.26090630847
4769.636114805406 8403.65588532266
8631.214174152952 -9688.146358635011
-8352.10880038788 9213.345194703159
54035.75111675607 7507.217843073754
18434.113456071773 8669.41497450175
-23150.37160141725 7598.881000504922
75574.28718945042 10040.737302880876
35397.88690346159 6458.149420815947
31469.74755360333 10079.434573344171
21461.861181901804 -8357.084621580447
14279.066038994515 5054.936128854548
-42497.255233824246 -8863.565548694005
-7150.2022501759075 -6906.048399570979
1788.8517922494389 10011.57372371498
-8592.7128410644 4062.7755946000407
-5068.75754401456 9663.8106633519
63.40228870368355 6247.004898278403
-7078.565180205566 8663.992471616433
-10828.344517081036 5956.61602459318
55743.062118819435 9001.914370755549
41856.27655079572 6227.369572081766
5090.428528764891 4029.256853310761
-9987.723892635948 -10062.96302888937
-10246.232085324107 -6052.4937863727455
36274.77627413089 -9252.753614260699
26675.936531172872 -9628.56567811952
5342.489251724398 -6414.400713841704
-16738.656503325838 7679.754038980044
-85662.95734137623 9795.311337935716
-5811.5694561079845 -6370.5860269138475
-19757.831083892204 10066.653767079222
28264.27402401511 -7013.118748828726
38184.49783914954 4454.773912963856
155.75808021461512 10031.264345285297
18836.89397884263 -8925.632864534513
27029.610882857367 7992.583404309721
-30933.605547503455 -8537.357142589934
63221.25759807209 -3904.941176053339
-34278.77519307241 -9982.931452269693
3155.4315192048552 -10099.358271207333
47495.17858531045 9041.516937085124
-2526.4568361548654 10089.26395087446
-14853.79645641563 -9557.722869346724
13604.748058233665 -4995.921748094611
-16288.468490966949 -9153.27068053428
7665.083511752333 7962.944764794577
-7675.4262260612695 -9262.320959665509
-75190.1580774245 -6589.818052201583
24381.22570417662 -4310.474336471377
-22382.635951480403 9996.83517460459
25600.987562753333 10005.824139215909
-13512.002437891217 -9873.989872227314
20590.374166540525 9383.65159691134
-2215.2850499280094 -6539.239076005517
-51954.60029593657 9980.536642486642
-3117.620124263156 -4382.182925899394
28985.859514266274 9845.997498802442
-1387.6514508149571 10056.990518933551
1736.6899926864742 10071.923508352513
-64760.53315824003 -8994.726942612671
89138.94120641632 3264.1424559133425
-22784.681390357655 -8250.450185651782
40107.4730607594 -5303.628077389966
-34550.729918990706 662.2782884933188
-15924.354431786294 7093.626629240936
22523.38962108034 8052.905832791556
-11031.756084186063 7878.059963220125
47120.47811664278 1058.398280707132
36906.7427391625 590.8493691636523
-4613.449354708913 8641.506360424797
13396.183174417763 9731.592225362518
32466.091829175974 -9634.70834181938
13467.414680709679 6868.82446805937
-77853.37526749936 9773.792262625097
-6105.36453745963 -9974.2590112126
-31020.853817083196 8506.738100305105
-9001.518299515803 -9036.911282993267
-66659.97615365959 9432.243740646736
-45438.099637849795 -7835.664179275678
14198.166565353782 1580.055768414597
-10027.390437181031 -10018.35602442492
10122.46993374731 3105.7605575880525
18323.115090606654 -8539.937001118846
-35199.82098425941 6410.144295914094
36096.36668438038 -8193.522027671039
-23814.843254720432 9789.566733709524
-26638.981429190593 -10071.591481252375
35165.228095507984 8787.737637669847
-8345.803381552283 8249.784862316836
-51798.58404320664 9878.893672138207
-9597.827132053975 7591.154151047785
25879.842630958246 -9962.960787178034
16215.776980956496 7559.925231274623
3763.4191667721766 -9166.359918147218
65642.5449429008 8712.886681960761
15328.882370257295 -8561.203515557867
31748.005761997632 -10067.669689705162
38092.5366665903 1699.7365529752071
80750.90941727748 9748.778772514892
-685.3662281394572 5885.28045084424
647.3146096203836 1969.0416823050791
-7004.192193361416 -7423.296175545559
-13817.312594888765 -9806.164048776707
-6448.832570447155 4610.356124074715
-31099.139023747106 6739.3027920642135
-32126.513668456348 7286.29962472703
-24090.099548790145 9986.002651862174
-6880.4946502133025 9094.582477487373
-5256.691901676095 -8222.190709024453
-1296.7045828024166 -9438.524686345967
-31906.734520146332 -3291.828427724509
42907.830660333115 9951.625514182997
13010.696413655925 -3496.12393575548
21084.980969407723 5428.3387362058465
8874.7875393402 -8575.863250564573
-27987.618578536596 9568.064199230415
-46872.5518238611 3221.3332447779
-3318.814304192598 -3345.320352845381
2012.6652999485018 9004.504248532485
11643.442972971503 5404.500442616081
38900.91758832899 8820.928331014873
54290.18709730989 -9525.084896725028
43467.74772101591 -8238.799139331852
16618.559903115754 9333.747626926866
7748.055049072965 -5447.968696120989
53383.84570031187 -9161.249579070307
-7818.581200826694 -6402.26758217629
-47738.67372963417 9084.856511124068
-45354.53051170796 10047.452665157498
84022.42443576394 8546.338910787994
16474.04599243591 -4107.677096466123
-11317.35535592891 -6869.222461868585
-31088.315589388465 7214.453387907944
8123.782293275042 9801.872934679586
33378.96191489429 -7615.440610886423
-20609.24642008484 -4116.218344667869
-4206.868559484074 -9798.065605549107
-42418.95879058529 9381.260540807221
-39192.45407914044 -7057.07240242065
-50895.96225674209 3878.566653446959
-50803.147229745846 -9714.213522336175
7609.960338360042 8981.982106558778
8455.338607124537 -7549.676194804815
72594.95578147567 -7318.878017822744
10819.21053102834 -9059.627532456898
-19191.979471337203 5044.18801562571
-18886.323921691488 -3918.0002503397927
32612.423662951347 10073.980022640279
10811.659223771247 4554.104687282526
4102.565583075766 4716.45904982871
-26844.51510989244 -9815.477454213393
-451.5337534167393 4849.443122517787
1600.5648881248535 10033.692243748756
23322.51498651098 10068.700296276744
-12935.845045724202 -9777.354516712978
-38767.14577970811 9955.507458557024
-27572.083592761002 -8618.325219637727
-73600.03596210151 5003.1211903125395
1203.0362909731202 7447.169207135814
-39950.48570059353 10028.412700488376
2227.2240580316056 10069.506387725234
43539.490403692864 -9947.411763825183
-45270.2414887909 -7842.665087118452
-36819.31886981012 9951.312296021551
-31578.87424113938 -9654.661125115283
53955.43822474268 -6276.210194245673
1181.105818695738 9127.743527984287
43112.57563274215 6919.790098624685
-9182.009598431641 -7204.09185158636
-25583.894024803623 -9770.918045739301
-26381.674450488586 3694.2173941744636
-29659.336342823728 9509.222233505048
36966.2001505706 -9724.50565103051
41201.90226657488 -6332.256802485166
-9466.045385434012 8552.136783492593
611.6044423549447 -9403.19138134425
-11490.021887466295 4517.4950324612455
-44563.302227406566 -10032.162514878106
66631.16021955427 9865.261212743866
-26443.042872457423 -8255.977600572507
-17215.67683074643 -4850.729992326055
-12367.997449174574 -8332.830419972894
12101.013107822724 5683.812177743788
5291.901845457603 7148.215771603138
11706.334274438585 -10059.722631149147
-8415.076508418913 -10092.78821791761
43584.72477050998 -3729.517393220324
18103.38799084369 9137.72344294169
-580.3945821572227 -9964.46325403334
-3117.4131260866034 6244.812458286756
72897.71442367721 -9048.732734711444
-87542.3613724034 8253.505058871799
-9425.00290417896 -4321.1679138336085
-41824.48739910274 9717.152374319143
29812.190262628075 10051.20462801691
-3745.705128462306 9636.052433787458
-13149.91937886375 -9549.478686386927
-29168.828924762263 -8650.583412658962
-14342.202255832235 9808.978853467093
-947.5046019096335 7422.01454196692
1233.3083247045568 -10000.692207112492
41166.562118199116 -9973.377877288704
-63068.871485695876 9127.185215232255
18535.01696871255 -9644.191369993854
-36950.03318942848 10068.158461907673
13141.962010371637 8810.501399594417
-9078.251239074581 7675.523106377491
-29698.131673884185 -8636.017659328543
-16915.74951091722 -9650.703607547935
9388.827722582044 6345.175666409998
38994.709508511456 -9980.688842937556
8503.33956600239 -5389.845919366865
-3539.702063713339 -7329.288510965925
-19668.134104081182 9929.480890479423
-42183.166659511786 10041.480162449754
59661.743773567294 -9292.988235203435
47033.58608344644 9577.566672547408
37362.34527207681 5077.342886492484
-48442.75533571474 -8557.107644686352
-7272.250086037406 -9331.919213377067
25725.857449398616 10067.053429510583
-30248.787523791678 -9715.374779358723
-14030.772567926917 7201.715753146242
-25144.236900765318 -5165.178406338579
-20880.88537334455 -6817.989943654062
12540.925627523848 -2471.1369907308485
1941.8050914667326 10005.432982565659
-47984.97062655627 -7366.928676161365
-868.1359258569032 -9554.090724559577
-65154.03334674141 7278.9723603457705
12575.979396905806 -10029.25398251803
-65018.531630757585 -7631.086123043668
-36119.52097475754 -9346.91990803344
-24260.469028119536 -9590.384662892473
47678.66558900414 -9755.108135496395
-4355.72564860436 -9405.48489142857
-28818.838180273466 -7260.595686083624
33166.64270346217 10079.078186437995
16520.621310439146 -5155.256430788399
11428.394170029267 -4528.097254975752
-46843.181871712535 -5281.856582482356
28327.47665503504 1688.2694319063269
-49603.908249468026 -10048.144746991518
9465.719299570681 6954.192046883266
29397.332156463366 -9927.404175429581
-81125.71285935937 -3055.078774675673
22995.718361879837 9653.578574304936
-29074.702912568395 -5958.644367436299
27974.997698180887 9044.65204822867
-18940.557677188444 -5295.570742428983
5178.356372476974 8883.5812313872
54961.26973737796 7507.361791808617
21215.85980185795 -10053.720557019162
13009.8249507756 -10051.25677305614
-5915.691215361639 10080.870244837577
-34371.358141331526 -6669.269404954912
-3289.9236933997126 -9904.742928027199
-1924.4414833420324 -7785.773473817498
18477.734435488044 -9166.36154237913
85141.56754116295 -7042.612334091652
-22697.194818395496 -8926.216207728832
-11870.15074578737 7640.001469081495
-59262.48140506095 -6073.292777572082
52905.78204119194 -9050.83234695189
45315.394852109246 5460.225788213861
-32997.73448782611 8751.810903084155
18391.19818487094 -9465.683823338153
65885.77042889879 -9113.071069315396
-7822.074553461335 8924.400760635554
25527.523094240652 -9365.606621409572
75903.75180571416 5622.448725974039
26455.443027801837 10015.566689200383
-286.2757096625328 -8619.782633509922
-24211.175764699357 -6081.236663138302
-60294.79236453808 5899.631284127956
43384.97099276249 8532.517206308614
49269.859641996365 -4615.247045885857
3299.165587010286 8929.537818745464
-21522.7940551462 -9043.893451271138
16735.989706205837 -7090.471260202972
12446.70643675173 -8863.747962410263
-6194.156719511049 -6722.543950546319
-10582.847938876293 -10073.507239657121
56354.73844539211 -8354.159622925263
-51750.042064846915 8866.146918637416
5399.35617358269 7463.371999610132
-14601.150499761328 -9492.323758805072
27312.777103121152 -7829.17236496207
-3887.261910234907 9875.12355133153
-49151.45343690619 4895.560251714869
-39173.40258297757 -9840.6909178337
-17272.710860864623 9463.7222966027
-7778.147021071034 3279.768789559324
-84125.2901038485 -9047.891129895424
-5694.435243883965 -10021.994423329987
-64395.517725835554 7940.877262822389
52949.26048632264 -8464.565597522493
59188.8966577575 10040.406530703822
-17535.738729762943 -4178.386889326587
-22972.011621929614 9280.923756180122
20551.790421113834 6061.317931438063
4093.682872460493 -5808.648124115712
1178.867122794672 -9091.857165962037
3483.4582182126887 9593.503307849864
24369.802013495882 -8071.12307791724
7661.779769350856 -7046.026755251511
51213.296896040425 3431.3160454697504
89176.62203688986 -9663.31365310209
15509.173625433034 -9851.616022308433
2369.517055244515 -9613.775821604779
10504.155970802025 -9308.917442774466
1329.6467628023493 -1631.4371030043278
51132.661360868304 -4750.163400434408
28581.10608123831 -4454.086516840687
24118.37780540425 5383.738667136712
82522.5516629287 -3845.57204695211
-4050.602338350684 -9394.596520808558
-17053.09289517627 3982.1904858694224
79633.07967626146 -6499.60079843981
2167.0316326242446 -9340.206696713803
17889.800586361613 7732.5115208299085
3636.1852610490346 -9529.111494968538
3797.6298333399 8815.350920652278
3174.7411906725606 -9108.757978420033
-63989.001619994786 9068.723911255565
-394.4226185675104 -9872.891572183042
-35689.447536733955 -9424.991701746529
37982.329219530075 10072.76068752791
-15585.37532723316 1988.8426321367374
-8201.579245518507 -1751.1908615317654
-4056.216861217098 10046.417222272747
-15018.151267721543 3987.77510395645
-17604.0681039562 -9402.140830213337
8983.151967217571 9358.829779190912
-39428.81085802817 9200.009693066371
32577.884610866717 -5284.309716681824
-62210.93076303071 -9935.951556639904
49179.11855305503 -9985.677682868038
11750.904156542054 -7655.566962272427
-24560.49879283162 10084.235486366548
65086.717554173105 -6951.813236612603
-5573.274260902868 3279.3575376835693
1480.6505432017948 -2813.446914674709
2036.6251451025173 -7298.834389082023
23031.781860235104 -6980.1207808376375
-34170.64139804303 9824.7099004609
-1492.4092736216767 9633.871082041192
57906.168546373156 -3028.616841359757
46843.28971752763 8530.732903378293
27624.225609487854 9999.027146095601
2306.706225573802 9579.598764917731
-3724.524064144857 7964.374423305781
8906.404786147888 -9973.327875950807
-4946.132258186217 -8833.21588399498
62121.0151719792 -8457.057839162433
-69225.71880564556 9957.007925365135
-17197.7398869634 3989.619582270433
54390.710768858815 -9858.342582956708
-9905.282138682665 4693.61080713966
-11516.317964498434 -7263.310982520939
-13813.979439081952 -9002.184676831806
20967.84790307886 9816.186408379996
23175.844675692886 -9886.692805403558
6927.277629921973 -5038.241903324452
17574.495346720512 9170.62164404857
5988.28048936461 9220.616148578683
6381.769900986891 9813.330938781904
66913.92184770128 2869.3135140816853
1936.0943315038903 -5880.940093040468
-7654.574388583195 -4549.371509339962
43150.39490002446 8138.950674632873
-466.2385194054623 -6068.975590605831
-19857.829519064988 -10009.643147476592
13853.051226659538 2777.943838322127
38807.07629399782 8041.383038914195
69279.93650210396 8185.2989951934915
-45135.97217478236 -9336.28542571302
44269.7193638388 -10056.6737246492
16946.1356941554 4495.240240138263
-9428.269289902673 -8873.451310582195
15579.596050630149 2302.1575831541204
9955.815439988715 -5274.648377381007
1220.5549900880765 9312.010770844525
10472.007697548659 -9851.61702775814
3230.3438186556605 8948.808875395953
20363.70009006582 -9592.382692847958
-35305.62452536207 10002.028419412489
15597.050083289116 7992.062077459729
-37658.53648503656 9792.721238812721
40914.7778847828 10054.956400576533
-9006.56326351376 -10061.39717882331
-18177.79513393218 -4407.491388115067
-12122.794789187008 -9333.23136812024
10512.322894734352 9723.012294268721
-12416.852929373734 -6712.77140654461
-92995.37762602523 8408.885311547245
25955.503313796526 -9325.430805758728
-29461.444387222735 9620.168258679134
-55775.24683251486 -6524.424037802408
-5715.931872312375 10012.014152677413
4700.439354179897 -5954.627899368198
34277.919534025896 -8921.860140324503
-13616.279138824326 6947.08497590331
15873.717428527438 9345.668732853572
-1648.1113083184996 -9837.943439759307
-36431.47118743294 9502.05478192826
4271.48763038821 -10014.13841580815
3560.8404723925773 -9744.15099270823
12896.30748338739 -8949.831931856112
59777.66419020122 -4818.342942868505
-1954.9553682109818 -5392.003401266412
-12953.803610905434 -5972.752006254053
-57220.68639661164 -3514.6633115981604
5650.084888789407 -8800.840273456153
-7177.663794987473 1620.1038058757972
35875.83865779074 6830.2259512425535
-14081.769644784401 9908.884096974385
83063.9606882899 -7557.572072280735
21409.63400122063 -9637.710336243677
2654.138345106174 5720.430890896683
-17078.70836129339 9827.059841827117
-19393.620888654714 9440.388498819471
77613.19497806022 -7528.813437561038
-12896.58796594623 9406.841237834667
-38046.13445520705 -8823.720820595468
-20532.62935064232 6992.974265027652
-2861.9562282176807 7744.6841496040715
-3948.672892397626 9384.89010032257
4580.707650612803 5232.073424173316
1142.286679669401 9978.340431868153
5120.722028193998 -8285.72826541901
2222.9041605939583 9184.566917181763
40515.088910903476 -9612.271225803184
-20438.914494129334 -9763.398300456765
9476.273860389383 -10084.970673610504
26130.37772443784 -9767.753843240313
-7832.010893224326 10096.233406349893
21806.25133840263 10013.504256858565
-5282.713817602257 -5829.290981959804
-80155.78091808652 -389.96416602284734
12708.190304182077 5931.298117589602
-3237.7703441892463 10095.215608009823
-66172.5795736648 -10020.269576432147
4351.349343692996 2888.145739567896
-84269.53868334845 -9516.457912926238
-27223.44266685332 1812.4165877085218
11846.885257191268 -9793.76935667349
-40676.871908750785 -9437.242019238638
-51150.45719701497 -7936.600592134237
33155.508505275466 9790.909409221727
10382.109552775106 9795.28735608199
15106.815496911706 8796.273045454389
8550.70225743275 -8351.926082429629
-83905.34135283387 -6164.340579143157
-5087.982367386934 -3005.121081807474
-9488.96528844694 -7653.254179284319
-76781.20502948304 8684.554776256336
-31256.290428674365 -8883.81194760128
-35809.800244525 7902.68023070981
32188.630710047015 7673.575909977503
-7337.820033444815 -10007.983106789357
4916.622683896251 -6072.594051421006
32490.092408335695 5369.824138104329
-42381.58118917435 -8808.456326666163
-70121.33033244334 9653.816557103217
-7216.752672987161 -9122.6728065458
10582.737052019675 8317.330281832557
-24707.77636629487 4669.393652082658
58195.69772172677 -8465.623089264134
-13251.551488982674 -8169.56294149681
8312.48780125206 7770.034272771795
-2935.266433560234 9921.479973819363
10167.163763753273 -6142.076368740298
68273.37399565325 8208.72884689456
57767.326004628296 8828.372639504538
22213.853045488773 7521.006580175335
-632.6995801620255 -10072.580896777747
-13600.529963769033 -10096.116893366949
-33076.492095514084 9184.904613467666
-22748.43724103647 -8985.926733286935
61770.563101760454 -7714.308553274071
-5961.854659602572 9099.57838201286
6206.102621672368 -9954.662456355572
44515.861974935106 -9890.827950165045
98839.14728288808 -6986.424091638885
21996.151694156466 9660.09860112018
44529.16391866421 6780.886768828271
51077.22793141381 7463.118720503944
9120.879879898228 9896.775950152152
28841.039643214852 -8264.52729499549
62021.19686701831 -7488.299852220044
16554.487999697023 9177.461460450251
40630.98932035513 6133.191751636343
54165.47451423835 9454.488827798847
5081.096154560242 9576.985433279795
-16629.385398104314 -7220.843010398524
44506.00010355697 6647.134989570383
-16035.893210709412 9623.083058533603
15685.012999202752 9748.22370553561
22274.40985044002 -8871.460066260286
35147.05011091951 8669.631781622997
251.2268903637891 10094.807621738364
-29775.1512377505 -8180.6953048779405
-71425.34397500259 4412.329845698457
16104.651036137915 -9249.56167920861
-51910.235286314564 -9614.997835259084
-10892.631576691958 -9952.07465039751
-3340.90364566896 2423.04593581016
14879.677214048232 -5767.354249009128
-11314.281738976524 -5733.691734851112
-6392.568276002087 8210.418109949216
31038.51353179931 5377.7246310232695
-37907.88338091986 -9299.174130470008
19843.341758180177 -8539.80503849798
-1440.6959380672868 9941.280189200706
45598.53357266581 6708.064567547274
8140.502573330342 -5121.808955470281
-80194.5335298118 9743.031938516397
-55116.824367319234 9567.203261811908
-57027.394928509006 -9092.292000640506
-4661.135093175951 -7337.1622281981545
17373.390888644033 9528.916904785394
4965.756212944327 -8928.5021673601
19489.971623772777 7039.620626837263
30894.917296635274 9132.038559789731
-35200.120160000224 -8992.87262067605
-18303.52250973824 7020.812566511842
53522.71786589743 -4425.529441940493
-70407.19194723245 8014.059872339336
13697.081805505348 10074.764266492635
18098.0912494609 -2968.6185167306417
-7698.076554090099 8118.2706388113675
-62140.301503021394 8738.155800052129
71543.93426965101 -10044.719222275884
7126.677990088848 -8644.089741476846
55142.52311324619 4622.190291949625
6857.665611290835 6812.268535526081
4349.4064611119975 5831.833001081011
89238.31437488341 9969.357309514098
1541.5621557579152 -7250.422597497457
-60920.20028741169 -7629.060395411243
2759.977818720995 -5927.738110468328
43085.31552169768 -9979.120919465346
-65078.14306793317 -298.8405408593881
-27017.28778782459 -9694.133167589454
8969.250569378568 5862.636352707524
21874.215997522326 10016.726071087238
-16810.667633138644 3814.6866510279783
-58137.3530303296 9272.992145377943
-18952.036994889084 -6405.653945473169
-63908.56922819455 -7957.698105761362
-9544.083145233682 -9711.78608577373
77533.54875684815 9587.654979379025
-47796.69811318461 7641.15273000804
12910.91000358572 -9346.399881802377
-28231.31675885795 -6994.494819970748
-3435.727729048301 10067.302729825256
4763.432101375583 9835.435841866358
-20004.427198288016 -4975.574196488166
7239.942217204454 5826.497692587954
-69562.03140734891 9945.737554653166
-50336.49242807407 5501.690941339297
8924.876222562261 -1763.6289912890911
32674.098528410195 -7489.658742047163
-29069.019751037835 5800.837445254241
13404.335687318533 8132.817691265988
11084.188296392094 -8678.553822210204
89231.16079537923 -8040.28789047539
-45010.83136042254 4717.849696615665
-3133.7904126884914 -4881.677028266733
-4944.9716801836175 -9058.871799642851
65828.63545549977 9656.119722271693
44417.62266410899 2232.2978778062443
27365.59916659336 -7826.26803119816
16860.027990719966 -6345.630889184752
83712.82397855411 -9818.260792534626
14496.859676019898 -9444.746314371612
65762.50447005407 8667.165934763629
30751.263851230247 -9004.33933615842
5023.424145861061 9904.160803271683
19644.357644872423 7895.4158394265
38549.198847664986 -6146.432069789861
12425.257721185553 8501.332454450769
59534.99159569525 8604.810794606847
-9866.406461778952 1610.8037338156255
21724.057459111547 -10069.610317482307
11476.788643104068 -9821.93581671265
8195.429731741073 358.97681493420544
33010.48651230913 7373.1146094014375
-61732.49428329264 -9298.489626912555
53895.87489281532 -9242.262492196302
-1943.4157701234762 -10081.279384615278
7778.158044549762 8434.64177359209
26510.609817508277 -6139.557873856212
-22607.604586327605 9061.780347445841
-21114.491229917123 -8202.847708353147
22439.340988800886 -3388.60172754655
39392.63866360818 9934.640423267645
18370.080473430207 10013.845186433242
-31699.454390442825 -9704.480523892424
54584.464710292974 8550.540671081973
-26420.76456765226 -3676.601398781463
-3731.513782173495 -7325.235249942024
-7149.977127712515 -8209.307069081053
-45241.57501628567 6902.450395080127
-18684.412656206372 -9470.628516760233
37280.85757694924 6891.004288330661
17454.51862441634 -9940.600750576388
20815.38242006186 -9903.237765046564
-47468.12370559771 7764.903980447914
10872.899169708227 -5907.339786946935
19380.04226721527 -9936.510119134875
9752.195447689233 -3747.8110300845697
7193.590597474192 9615.335251669932
13917.188019523435 -5200.74081443784
-15927.066025683353 8790.513068073424
-10398.66512653321 9789.418814362289
-70498.32041586681 7682.99338652502
-2475.016771851004 6968.1451418010965
11489.888869351365 -8369.315629177177
-30884.402540540814 5717.349086627176
-32621.202688200978 -10066.74004414125
-20070.830913985017 7455.899638123214
5899.237873609132 4998.415898846003
8823.009862210018 9313.885186959964
-12439.939130028397 5394.423815303024
-21744.992287029487 5921.436152858604
49867.860723948455 9015.432448443216
-34111.830065410395 -9614.175173203048
48370.81363046441 -9188.604230625464
-6312.1356482711335 8105.313779416614
-12141.26657037245 8810.310044260003
37318.63007549135 6364.307144750414
-53375.57417707861 1695.0697235884036
-80753.8823385562 -8816.908293719129
46284.05192606316 9129.511429585853
-203.27067194661254 10013.315458687415
-6870.13644676544 5436.120847557905
-26493.790576796644 10002.345861585512
39338.91922694183 -3335.8579484229367
54173.072491809005 5998.045634267096
-498.4841053934107 10007.066030491711
18379.101067755768 9983.942290952647
2705.7034053445136 -8124.691254537973
-35756.44346560979 -10040.254052174849
-37706.2319314555 -10064.703025587238
5580.8902294890095 6462.341796999328
683.9801753240977 -9769.568707630568
-24021.79075428841 -4754.278315307566
-20049.410287810653 -9881.232520085256
-3028.5832912581564 -10048.460891423394
1992.3578608165722 8503.589209145804
-31410.29651875518 -8449.721416160095
1466.6500237268574 7460.441997028914
-20556.780991323994 10069.516037492915
-4045.7966378251112 4070.715369938802
1713.1984854305956 6877.273650383117
-28554.40496414779 -10074.942946123267
32332.836778530305 -8738.401930505806
-902.7150292851713 -9681.94796034832
2901.1430081870394 -10005.214136703089
40916.70855623626 8557.444336370423
43236.00411315921 5999.732665558029
-17037.393188220667 7484.57585595172
-22998.34726868134 -4718.510767095289
-33582.34416450384 9505.148695760197
6231.259305595 8997.318930683607
32503.89994111652 10062.41156984857
-46134.04805079147 -9910.092853118427
-3705.8262293084244 9931.13546894579
13675.769510286793 -6809.561572439577
19536.10804945201 7061.649173943829
4307.020399125831 -10026.334614790461
-70999.8047216138 4495.382170469422
-21931.544755673094 -8578.363604375125
-752.5511900580332 7332.433315455266
35200.519792003084 -4640.997031226102
-7721.543015008441 -5159.550272886982
19213.144828132947 -9886.539508824497
-29896.10514777561 -10076.407024871562
-26475.97196143366 -9707.839816080575
-1853.0331992687843 9117.676305484485
-63278.70888068619 -1663.8458319144415
9138.97263439038 10053.258027925714
45290.969664681514 7642.070304899616
27808.14835913918 -9695.74695776085
60975.19880102124 -9615.836830624201
-2081.3517368800294 -7140.710072132653
6050.272041610628 3539.056557963251
-31428.045182159985 -9623.139805918847
-45220.639036435765 9154.789182317329
-67017.22250121426 8107.847396492188
22536.079031810208 9722.288772226178
-13115.632364485566 9234.036610960724
-46834.8654121362 9975.275316824413
-37350.25501174287 -5752.470852302095
-51018.22852825447 -9958.471313133901
-24640.756858177072 9783.580343690957
34594.86583166396 6895.400755716196
77072.0997098592 -9867.410754973635
-2430.402204133048 -6936.964919851601
-5930.7347635475035 6909.869303979818
-20353.999746831378 -9646.78788080077
7896.310149159866 -9960.852519392347
27909.017578778992 4903.638577470601
-40238.04075167485 -10089.800724813109
39965.94845813436 -10036.279993216935
-1805.442375547681 9677.528645316002
75863.66861086189 -8654.783141657814
-76469.53175486192 9030.63790810358
21156.55711439799 -7671.320148705104
-102497.75748861433 -8641.582365726412
39150.03979314468 7848.916918514269
-23795.057650886993 -6764.09213839727
-29222.2264906735 -4578.073170189242
2630.5972337954927 -8528.596977794063
-23059.452856875316 -8060.1771311893
1579.109312697421 -10053.399911805296
-76301.02365905078 6022.223476739449
-51803.34803287003 9377.454081495614
3592.720433105943 9054.832468527502
30119.902811474374 6632.831325325255
-7869.424657848974 9978.35666017908
-14032.664347209788 9218.117523826431
9357.74363828967 9675.515066309437
-25080.74385807949 6892.231206443115
42011.40361459504 9496.709538840969
73082.24869380338 8598.118502883523
37079.597395588295 -8740.608482509399
-8187.794303768627 -9628.037817648408
20169.24912966827 9801.578304236577
36444.685884621045 -3037.0160587187784
55568.13100708221 -1808.569379715972
-42568.0948565278 10016.419011652739
3316.210489912529 -7383.225888085233
8978.60947509408 -9738.249599561766
6985.104757073817 9606.835180684118
-7792.217359938037 10067.259806622986
-5816.249537367204 10099.736318968586
76332.37359652821 8719.113291405283
-1009.8893070356705 -9733.712294273266
41261.112626544265 8405.201859976734
-15302.729608227077 9909.982837137875
48087.33888402033 -10078.72978490712
62223.92246571659 8706.204902835318
71559.48502642894 -6013.864523514887
-14858.204983687736 2596.0557670020917
37148.149686134384 -9193.500808099343
5485.69593572426 8186.374941610184
-39795.493152359326 10019.554409300697
21584.17347244199 8676.516604684917
44712.257340838114 9125.988244592872
-23718.331180248384 10031.121183966954
20539.293512728265 9151.981326459369
14387.46814901882 -7192.37887462692
18195.70301539681 10057.463765226754
12836.152122508214 -10083.344832000876
-47666.751818985525 -2942.463180963591
18771.552163081207 9762.653771797559
24210.710538488784 5571.237638304132
-65025.182069155904 10033.694442419242
-28595.92222450032 -7404.650483964514
-36466.04929504809 -10080.973813539546
-88421.311535604 -7658.200217712167
-43777.69477177219 -7968.680864878363
-5320.000905502061 10089.172472833423
60938.29176185161 -8474.39277875488
2231.8170947233657 -5617.576518650101
67526.62356169548 7912.079789270911
-12776.313458788423 7985.875871032788
-21714.076110870574 -8616.458510476008
-6022.7591463992 -10056.628903303286
-2595.466786140134 -9670.552442507556
4915.013185282116 9446.89867316007
-34174.71248249747 9993.485269105322
18815.164548066346 -9584.147996697795
1518.5433815456422 -10054.950501151106
-26021.562801240536 9886.177119220003
-38618.46666201359 8924.416498442628
26410.538997864893 -9987.4517812578
664.1567602581399 7954.442343752038
81125.2578308605 8861.14817104068
-23127.165013274072 9647.926842846719
-31666.210735949244 7049.357410919863
-16886.0719341976 -2739.2150022444607
-19939.679611019506 -9376.752871184313
25044.645210196024 9954.370352209586
-35619.12677876453 -7957.271817500938
-79330.06337223406 -9990.270712705718
-64703.925603105046 -6076.055697895225
41639.04224210436 9719.385226891081
-11534.414412613845 -5615.038693106447
-4530.592520708821 -9784.95039609814
-8240.068708781686 -9151.777603984076
17827.99227283789 -7189.260883678652
