1600
-326.515 0
-4902.18 347.288
-6170.85 -437.165
-3811.75 382.611
-6247.07 -627.061
-5314.12 654.531
-7508.82 -924.849
-1588.8 226.392
-9615.55 -1370.14
-3534.46 564.15
-6159.58 -983.156
-1688.56 295.806
-4602.75 -806.319
-8913.7 1689.86
-9341.53 -1770.97
-6389.14 1297.37
-7761.04 -1575.95
-8902.91 1921.16
-2297.48 -495.775
-553.344 126.109
-9698.59 -2210.33
-5163.69 1236.65
-3766.25 -901.976
-6698.61 1678.83
-7029.22 -1761.69
-681.516 178.125
-4730.9 -1236.49
-9593.56 2607.16
-3428.71 -931.791
-8807.16 2482.31
-7538.49 -2124.73
-3724.4 1086.28
-3902.16 -1138.13
-3847.73 1159.07
-7382.79 -2223.96
-327.774 101.801
-8951.02 -2780.03
-5025.43 1606.76
-1855.53 -593.261
-8631.2 2836.94
-8412.48 -2765.05
-7755.87 2617.4
-757.767 -255.726
-3334.04 1153.93
-6858.89 -2373.9
-289.986 102.828
-44.8798 -15.9142
-4866.86 1766.44
-8850.58 -3212.33
-2248.11 834.462
-5385.98 -1999.19
-8754.2 3320.49
-7206.69 -2733.51
-8968.6 3473.66
-5845.44 -2264.02
-4607.5 1821
-299.656 -118.432
-1074.4 433.03
-4540.87 -1830.17
-3584.63 1472.48
-285.522 -117.286
-2516.6 1053.01
-7153.85 -2993.35
-4023.55 1714.03
-6206.82 -2644.09
-5014.45 2173.76
-4327.52 -1875.98
-5599.19 2468.87
-678.363 -299.113
-6081.55 2726.38
-4749.39 -2129.17
-8732.93 3978.84
-4413.79 -2010.98
-5449.14 2522.23
-2835.67 -1312.54
-1908.1 896.938
-5712.58 -2685.3
-2863.02 1366.29
-6575.54 -3137.97
-5154.98 2496.67
-5013.27 -2428.04
-2720.29 1336.7
-4568.76 -2245
-2933.8 1462.2
-2370.64 -1181.52
-1213 613.02
-7347.32 -3713.15
-2644.17 1354.65
-2240.56 -1147.87
-2776.2 1441.46
-6076.05 -3154.81
-2501.15 1315.83
-5182.68 -2726.56
-4060.48 2163.96
-6353.63 -3386.05
-2290.35 1236.2
-58.4714 -31.5595
-1681.49 918.977
-7653.57 -4182.87
-706.847 391.087
-7508.32 -4154.23
-3426.15 1918.7
-352.88 -197.618
-2985.19 1691.79
-8640.31 -4896.69
-3061.54 1755.53
-4805.65 -2755.63
-5400.74 3132.88
-5796.78 -3362.61
-2437.05 1429.9
-1700.32 -997.636
-1953.73 1159.28
-5036.62 -2988.55
-6055.6 3633.25
-4758.92 -2855.27
-7272.03 4411.08
-7199.98 -4367.38
-3224.2 1976.98
-1258.52 -771.686
-797.735 494.392
-5873.65 -3640.16
-7053.34 4417.56
-3190.56 -1998.27
-2337.53 1479.33
-2470.46 -1563.46
-812.382 519.439
-4523.37 -2892.25
-2511.66 1622.37
-2419.6 -1562.91
-3426.21 2235.47
-3180.74 -2075.31
-1220.28 804.143
-6694.88 -4411.8
-3498.45 2328.2
-4073.15 -2710.66
-6597.84 4433.78
-6417.14 -4312.35
-357.747 242.734
-3469.57 -2354.14
-3657.2 2505.22
-2687.76 -1841.14
-5070.08 3506
-5514.66 -3813.43
-7473.83 5216.76
-2645.45 -1846.53
-1843.07 1298.44
-6229.12 -4388.41
-1342.45 954.477
-4919.81 -3497.96
-7390.49 5302.61
-2100.87 -1507.36
-2386.87 1728.06
-6008.99 -4350.43
-5127.92 3745.87
-4613.29 -3369.95
-275.419 202.98
-5888.26 -4339.57
-868.334 645.599
-2674.1 -1988.17
-156.072 117.054
-4138.42 -3103.82
-5686.26 4301.73
-1321.06 -999.4
-2536.72 1935.6
-1059.3 -808.275
-5190.22 3994.15
-903.492 -695.286
-7160.52 5557.17
-5515.38 -4280.4
-4199.65 3286.74
-2753.82 -2155.2
-187.917 148.298
-1175.24 -927.46
-157.805 125.568
-7319.36 -5824.15
-3684.15 2955.73
-1915.82 -1537.03
-5421.92 4385.53
-4953.03 -4006.27
-6581.89 5367.1
-4703.87 -3835.7
-6918.62 5687.29
-1112.02 -914.109
-2685.78 2225.51
-4086.01 -3385.79
-5489.59 4585.14
-2939.65 -2455.32
-2005.16 1688.08
-6299.47 -5303.33
-5461.3 4633.97
-2147.36 -1822.05
-2589.8 2214.7
-3262.28 -2789.77
-3388.08 2919.94
-4998.34 -4307.72
-4246.81 3688.4
-771.521 -670.074
-5823.24 5096.53
-3528.37 -3088.05
-6002.53 5293.73
-2303.56 -2031.55
-6118.87 5437.5
-6161.46 -5475.35
-3403.56 3047.51
-6248.65 -5594.97
-5640.45 5088.53
-6899.17 -6224.09
-624.286 567.431
-3381.87 -3073.88
-4175.93 3824
-6885.59 -6305.3
-470.113 433.698
-3394.54 -3131.6
-568.346 528.206
-3023.49 -2809.96
-7245.2 6783.16
-5787.78 -5418.68
-5789.29 5459.9
-1852.25 -1746.86
-4468.22 4244.8
-3712.11 -3526.5
-3874.23 3707.31
-6914.82 -6616.9
-6777.09 6532.12
-7081.18 -6825.21
-4426.37 4297.18
-3614.43 -3508.94
-612.649 599.046
-2794 -2731.96
-6930.06 6824.74
-6312.91 -6216.97
-4955.17 4914.7
-5617.65 -5571.77
-5025.36 5019.78
-1094.96 -1093.75
-4441.23 4467.74
-3313.19 -3332.96
-589.727 597.436
-5018.13 -5083.74
-6488.75 6619.85
-4551.22 -4643.17
-4519.55 4643.21
-6911.71 -7100.82
-778.511 805.406
-5042.6 -5216.8
-2795.55 2912.29
-723.723 -753.944
-3576.96 3752.23
-1376.33 -1443.77
-2468.9 2607.83
-926.105 -978.215
-4873.66 5183.46
-6133.07 -6522.93
-626.365 670.771
-4454.99 -4770.83
-5976.09 6443.73
-4819.1 -5196.21
-1060.29 1151.09
-6534.63 -7094.27
-671.358 733.837
-871.696 -952.818
-5719.91 6294.85
-5362.32 -5901.32
-6166.4 6832.38
-3757.65 -4163.48
-6355.51 7089.7
-3673.39 -4097.74
-204.807 230.013
-239.956 -269.488
-1753.27 1982.36
-6345.18 -7174.24
-4529.3 5155.62
-6023.22 -6856.12
-6237.63 7147.94
-5248.65 -6014.63
-4179.97 4822.15
-2308.08 -2662.67
-5890.65 6841.18
-1021.58 -1186.42
-3587 4193.67
-1702.32 -1990.24
-1885.97 2219.67
-1705.06 -2006.75
-1014.16 1201.56
-2470.64 -2927.16
-5885.79 7019.76
-231.755 -276.406
-587.112 704.878
-464.486 -557.655
-3.77451 4.56169
-1218.88 -1473.08
-1280.9 1558.28
-5404.71 -6575.13
-6252.69 7657.06
-772.117 -945.535
-2595.47 3199.41
-5926.44 -7305.47
-4219.27 5235.37
-2778.42 -3447.53
-6104.93 7625.06
-5856.49 -7314.76
-2493.36 3134.7
-4127.46 -5189.13
-5267.82 6666.35
-2165.22 -2740.05
-2848.65 3628.61
-3012.24 -3836.98
-4314.88 5532.36
-2239.23 -2871.05
-3946.8 5093.59
-1552.4 -2003.47
-3818.59 4960.42
-5707.43 -7414.06
-3139.45 4104.9
-4758.14 -6221.37
-1928.07 2537.49
-2618.79 -3446.53
-4936.31 6539.02
-2472.81 -3275.68
-3032.6 4043.47
-4919.38 -6559.17
-3594.69 4824.22
-4225.22 -5670.42
-3992.64 5393.26
-3511.63 -4743.51
-4913.15 6679.98
-491.837 -668.707
-3132.28 4286.47
-2959.54 -4050.08
-3089 4254.8
-2982.65 -4108.31
-2566.14 3557.65
-5419.01 -7512.82
-994.508 1387.75
-1679.37 -2343.43
-1598.22 2244.72
-3665.9 -5148.79
-4482.07 6336.14
-5643.11 -7977.45
-5727.88 8150.06
-2417.82 -3440.26
-1320.26 1890.81
-3561.82 -5101.05
-2029.97 2926.17
-4260.16 -6140.94
-2300.56 3337.83
-3829.63 -5556.33
-1018.44 1487.26
-1269.49 -1853.88
-479.535 704.85
-3857 -5669.25
-249.672 369.377
-3846.49 -5690.69
-2190.08 3261.26
-3989.56 -5940.88
-1537.7 2304.75
-1232.45 -1847.23
-4412.41 6656.65
-4463.98 -6734.45
-3980.24 6043.92
-1784.27 -2709.39
-1728.15 2641.33
-888.792 -1358.44
-1366.53 2102.3
-2650.74 -4077.94
-2444.73 3785.64
-2855.15 -4421.17
-639.5 996.75
-1224.49 -1908.53
-2706.08 4245.47
-615.865 -966.208
-3462.78 5468.29
-3927.28 -6201.81
-3923.09 6235.91
-18.0178 -28.6399
-2551.77 4082.83
-753.214 -1205.14
-3577.55 5761.76
-3490.58 -5621.69
-1925.72 3121.88
-4008.16 -6497.82
-1815.22 2962.15
-2149.5 -3507.66
-2341.73 3846.59
-3849.29 -6322.95
-657.248 1086.76
-3764.27 -6224.2
-4955.9 8248.83
-4767 -7934.42
-2743.7 4597.03
-3515.7 -5890.52
-1275.23 2150.82
-4340.1 -7320.08
-4305.26 7309.63
-2541.48 -4315.02
-1703.74 2911.94
-1509.79 -2580.45
-136.075 234.124
-2290.39 -3940.74
-2628.63 4552.91
-2652.68 -4594.58
-2837.64 4947.84
-860.541 -1500.48
-1309.8 2299.15
-1520.2 -2668.46
-868.557 1534.86
-3674.41 -6493.17
-2201.21 3916.01
-4187.37 -7449.44
-1988 3560.55
-3978.15 -7124.95
-2997.42 5404.71
-3662.74 -6604.37
-1097.3 1991.95
-329.823 -598.737
-2378.17 4346.45
-1701.23 -3109.24
-3799.72 6991.74
-2185.82 -4022.06
-1330.26 2464.44
-1572.76 -2913.71
-679.24 1266.95
-2504.72 -4671.92
-855.904 1607.4
-4662.78 -8756.77
-144.378 273.004
-2428.57 -4592.18
-1353.38 2576.7
-269.526 -513.15
-4510.67 8647.03
-3777.58 -7241.69
-2707.09 5225.39
-2510.04 -4845.02
-4528.1 8800.94
-3902.96 -7585.89
-3880.11 7593.85
-755.778 -1479.15
-2711.28 5343.26
-1366.54 -2693.11
-93.0172 184.593
-31.3787 -62.2712
-528.176 1055.51
-2858.16 -5711.75
-3391.69 6825.53
-1537.24 -3093.59
-3128.71 6340.62
-1140.01 -2310.35
-3079.43 6284.82
-2212.34 -4515.18
-3129.85 6432.95
-4287.17 -8811.66
-3627.52 7508.81
-3737.3 -7736.03
-2205.85 4598.54
-69.29 -144.449
-3660.29 7685.15
-2325.9 -4883.46
-2289.27 4841.02
-608.247 -1286.23
-2545.19 5420.92
-2170.83 -4623.57
-4052.01 8692.52
-791.629 -1698.23
-237.063 512.239
-3984.97 -8610.62
-168.975 367.769
-3795.97 -8261.82
-476.87 1045.46
-2654.55 -5819.69
-871.251 1924.06
-559.263 -1235.07
-2651.16 5897.77
-1349.89 -3002.96
-3155.17 7070.71
-1665.87 -3733.2
-2732.49 6168.78
-1949.37 -4400.85
-2682.39 6100.65
-1507.6 -3428.78
-3936.53 9019.72
-1527.3 -3499.49
-1409.07 3252.74
-3251.73 -7506.4
-951.849 2213.79
-3414.8 -7942.06
-3273.71 7671.34
-361.903 -848.054
-1581.11 3733.1
-1441.32 -3403.04
-908.628 2161.64
-16.5917 -39.4719
-3389.35 8124.91
-745.128 -1786.21
-733.059 1770.76
-3583.24 -8655.57
-540.904 1316.66
-882.066 -2147.1
-3193.69 7834.13
-971.125 -2382.17
-3269.15 8081.56
-214.583 -530.462
-1463.29 3645.59
-1931.04 -4810.91
-1429.91 3590.36
-618.288 -1552.46
-3407.46 8623.19
-224.728 -568.714
-2366.77 6036.95
-2166.76 -5526.77
-1579.44 4060.74
-2293.04 -5895.39
-3511.65 9100.57
-2844.69 -7372.11
-1610.93 4208.3
-773.75 -2021.3
-2324.18 6120.55
-1010.6 -2661.34
-1087.95 2888.27
-211.891 -562.524
-2289.85 6128.63
-1900.93 -5087.7
-223.764 603.796
-1857.72 -5012.79
-2541.49 6914.34
-883.345 -2403.22
-1614.51 4428.79
-3010.6 -8258.42
-1659.76 4590.82
-1079.16 -2984.91
-459.869 1282.63
-1214.79 -3388.2
-1254.98 3529.75
-1772.45 -4985.16
-2920.47 8283.63
-2530.61 -7177.81
-2297.44 6571.93
-2658.28 -7604.13
-2692.82 7768.9
-1128.64 -3256.19
-1297.31 3775.02
-838.317 -2439.41
-3151.43 9249.76
-1208.18 -3546.14
-154.034 456.044
-1368.95 -4053.02
-1876.63 5604.81
-2231.5 -6664.68
-2244.29 6762.02
-2834.06 -8539
-2384.2 7247.34
-1145.99 -3483.5
-1372.76 4210.1
-2564.74 -7865.79
-2771.53 8576.41
-551.926 -1707.91
-254.306 794.061
-1136.74 -3549.43
-176.944 557.535
-1728.92 -5447.66
-2070.3 6583.15
-584.254 -1857.81
-2771.16 8893.06
-192.551 -617.924
-2135.33 6916.27
-2388.97 -7737.81
-2415.49 7896.91
-1228.6 -4016.63
-1784.54 5889.14
-1879.32 -6201.94
-2198.39 7323.73
-41.7725 -139.161
-2582.06 8684.12
-2114.26 -7110.78
-1099.38 3733.09
-2695.39 -9152.57
-474.996 1628.56
-2744.63 -9410.15
-1823.05 6311.54
-2447.87 -8474.69
-2419.8 8460
-1154.72 -4037.1
-678.061 2394.13
-879.499 -3105.38
-667.538 2380.54
-405.381 -1445.65
-1343.49 4839.37
-884.396 -3185.67
-1385.53 5041.5
-1485.95 -5406.87
-2368.17 8705.22
-558.977 -2054.76
-1964.26 7295.03
-2167.47 -8049.71
-714.991 2683.03
-1234.26 -4631.61
-1640.82 6221.89
-263.859 -1000.53
-2270.88 8702.16
-653.518 -2504.32
-1878.79 7276.52
-1660.04 -6429.29
-676.537 2648.44
-1627.32 -6370.46
-994.354 3934.9
-1623.15 -6423.17
-1483.19 5933.67
-1395.59 -5583.22
-1542.56 6239.48
-644.589 -2607.29
-1086.83 4445.2
-1241.32 -5077.05
-1617.92 6691.97
-1660.14 -6866.6
-1965.58 8222.44
-2175.54 -9100.72
-1970.14 8336.2
-799.598 -3383.31
-605.899 2593.46
-863.197 -3694.78
-2043.87 8850.93
-379.098 -1641.68
-1318.03 5775.22
-1477.11 -6472.29
-4.68342 20.7667
-1914.08 -8487.21
-311.451 1397.68
-1404.16 -6301.34
-2093.05 9507.45
-91.4898 -415.582
-1921.87 8837.53
-1540.68 -7084.69
-1483.79 6908.12
-373.289 -1737.93
-793.749 3742.04
-233.285 -1099.8
-1722.54 8224.2
-2038.01 -9730.39
-1393.05 6736.75
-978.071 -4729.91
-525.464 2574.24
-291.081 -1426
-11.1735 55.4604
-1878.64 -9324.74
-1661.37 8356.29
-1659.58 -8347.31
-1707.33 8703.36
-1364 -6953.17
-377.569 1951
-291.181 -1504.62
-164.993 864.355
-200.823 -1052.06
-595.221 3161.87
-1258.68 -6686.23
-1407.03 7580.29
-591.063 -3184.31
-990.728 5414.14
-1645.51 -8992.41
-1720.79 9540.65
-929.95 -5155.96
-1674.27 9419.62
-1529.27 -8603.83
-429.427 2452.12
-1144.18 -6533.5
-87.7619 508.732
-1073.5 -6222.81
-1299.33 7647.61
-1493.92 -8792.89
-1032.28 6170.51
-765.017 -4572.92
-609.193 3699.05
-1443.58 -8765.5
-974.7 6013.39
-608.873 -3756.43
-1322.32 8290.89
-726.346 -4554.16
-359.002 2288.15
-1126.06 -7177.12
-258.855 1677.55
-656.26 -4253.01
-1319.62 8697.91
-386.605 -2548.21
-792.724 5315.62
-297.192 -1992.82
-1360.25 9281.9
-447.204 -3051.57
-748.632 5199.95
-696.124 -4835.23
-311.625 2203.97
-692.742 -4899.42
-17.0827 123.058
-246.558 -1776.12
-497.723 3653.08
-352.846 -2589.74
-1116.46 8351.79
-556.908 -4166.02
-1160.69 8852.63
-803.827 -6130.81
-398.052 3096.5
-661.045 -5142.35
-102.469 813.325
-858.857 -6816.97
-498.36 4037.6
-846.675 -6859.57
-81.1576 671.427
-295.671 -2446.12
-178.993 1512.79
-351.614 -2971.73
-1118.82 9664.29
-370.387 -3199.39
-820.778 7249.49
-959.207 -8472.16
-637.793 5762.94
-293.723 -2654
-58.1735 538.013
-556.76 -5149.15
-604.209 5722.57
-608.444 -5762.68
-6.58449 63.9006
-817.977 -7938.23
-74.2864 739.14
-18.8477 -187.532
-952.908 9726.85
-431.896 -4408.59
-266.204 2789.47
-778.953 -8162.42
-798.532 8595.77
-160.076 -1723.13
-394.451 4365
-157.928 -1747.64
-605.081 6888.69
-455.222 -5182.59
-733.177 8594.4
-83.5938 -979.897
-174.419 2106.96
-767.409 -9270.22
-275.79 3436.33
-291.001 -3625.86
-177.815 2287.49
-246.157 -3166.66
-514.37 6838.95
-719.264 -9563.18
-123.432 1698.03
-192.588 -2649.4
-158.228 2254.85
-157.056 -2238.15
-528.9 7817.68
-540.997 -7996.49
-522.494 8021.36
-513.486 -7883.08
-374.69 5983.32
-548.827 -8764.06
-485.296 8073.69
-346.107 -5758.06
-184.628 3205.61
-51.1988 -888.941
-218.238 3961.95
-101.404 -1840.91
-137.601 2617.35
-438.414 -8339.23
-179.923 3593.96
-476.809 -9524.25
-168.781 3549.27
-105.644 -2221.57
-23.3834 519.104
-255.036 -5661.71
-64.8552 1524.63
-168.598 -3963.43
-372.199 9297.53
-152.816 -3817.33
-267.871 7138.2
-231.122 -6158.91
-119.37 3408.49
-309.601 -8840.31
-286.638 8814.98
-184.307 -5667.98
-32.6816 1088.9
-199.656 -6652.19
-101.358 3684.35
-251.013 -9124.3
-113.874 4553.55
-242.02 -9677.76
-177.952 7906.98
-59.4729 -2642.57
-108.985 5448.15
-22.3981 -1119.68
-61.839 3533.11
-164.801 -9415.75
-44.4541 2963.27
-92.3193 -6153.93
-97.0992 7767.33
-82.0258 -6561.55
-56.9079 5690.51
-13.2122 -1321.16
-65.8961 8785.89
-46.5782 -6210.25
-34.9434 6988.59
-1.56074 -312.143
-0.443581 177.432
-15.7341 -6293.63
0 4132.54
0 -7320.66
6.14224 2456.89
18.8578 -7543.1
30.832 6166.32
6.38265 -1276.51
24.1057 3214.01
54.4184 -7255.58
79.3172 7931.32
68.9985 -6899.5
79.7942 6383.03
31.0837 -2486.5
98.7095 6579.89
64.3877 -4292.03
89.7738 5129.15
35.5227 -2029.56
108.248 5411.33
173.272 -8661.86
32.5589 1446.7
188.46 -8373.9
120.455 4816.7
230.375 -9212.12
135.797 4936.22
13.9975 -508.806
16.0867 535.983
111.727 -3722.55
218.381 6715.87
244.559 -7520.93
141.273 4033.9
241.39 -6892.63
143.196 3815.87
306.334 -8163.17
168.701 4214.14
251.018 -6270.43
242.762 5706.87
16.316 -383.56
339.839 7544.33
401.676 -8917.09
362.885 7631.06
260.476 -5477.51
291.299 5818.69
201.161 -4018.19
418.445 7959.4
126.347 -2403.29
457.365 8303.14
170.518 -3095.63
255.098 4429.14
214.368 -3721.98
105.835 1760.73
353.013 -5872.95
131.51 2100.05
411.382 -6569.25
331.406 5087.77
457.747 -7027.36
478.65 7074.94
380.347 -5621.92
53.6539 764.604
266.738 -3801.19
229.076 3151.36
348.207 -4790.22
53.0543 705.398
523.367 -6958.57
230.313 2962.84
381.68 -4910.09
260.294 3243.25
694.705 -8655.98
437.977 5290.71
66.4666 -802.909
646.845 7582.41
250.622 -2937.83
550.318 6265.23
300.643 -3422.75
627.455 6943.43
383.377 -4242.45
540.435 5817.49
489.089 -5264.78
699.206 7326.77
26.5066 -277.755
879.021 8972.64
889.587 -9080.5
616.256 6131.67
111.976 -1114.15
584.874 5676.04
129.264 -1254.47
857.012 8116.9
293.707 -2781.74
741.307 6855.92
959.814 -8876.76
726.852 6567.64
6.11111 -55.2184
419.778 3707.68
822.952 -7268.69
808.885 6987.12
770.861 -6658.67
263.204 2224.52
33.7765 -285.469
646.434 5348.03
905.862 -7494.3
133.907 1084.88
367.12 -2974.33
62.1681 493.444
922.808 -7324.56
820.185 6380.32
952.306 -7408.1
213.487 1628.27
295.797 -2256.05
365.238 2732.21
1192.8 -8922.89
344.841 2530.99
239.235 -1755.89
1117.36 8049.05
1198.58 -8634.14
404.862 2863.39
536.526 -3794.58
1421.87 9876.22
150.179 -1043.14
961.282 6559.47
996.72 -6801.28
1472.4 9873.21
477.498 -3201.86
1039.42 6851.09
557.064 -3671.74
84.2419 545.945
604.399 -3916.91
64.6194 411.861
432.829 -2758.69
669.49 4197.68
914.107 -5731.41
54.6062 336.892
855.015 -5275
1430.12 8683.78
136.278 -827.486
449.841 2688.94
863.54 -5161.84
1391.54 8190.33
731.726 -4306.8
1276.52 7399.63
180.915 -1048.72
581.46 3320.25
10.9212 -62.3623
496.356 2792.55
261.979 -1473.92
1558.49 8640.83
1016.75 -5637.23
959.283 5242.3
1576.49 -8615.25
1237.73 6668.18
357.496 -1925.98
1041.96 5535.01
1251.43 -6647.71
974.279 5104
480.322 -2516.28
90.8645 469.523
1092.23 -5643.85
1256.06 6402.95
172.313 -878.392
1665.5 8377.04
151.265 -760.825
1323.05 6567.03
1754.25 -8707.34
1223.91 5995.92
1099.95 -5388.62
1968.49 9519.53
1791.29 -8662.6
150.328 717.735
1645.87 -7858.11
666.985 3144.43
1710.27 -8062.85
1909.49 8890.07
1382.89 -6438.33
1764.93 8115.86
409.944 -1885.09
1737.67 7893.18
1523.45 -6920.1
1665.47 7474.02
742.01 -3329.87
1285.7 5700.92
976.672 -4330.65
1194.92 5235.8
328.485 -1439.33
270.876 1173.02
127.48 -552.048
918.657 3932.17
382.684 -1638.02
1452.48 6145.83
129.499 -547.945
599.213 2506.63
1129.05 -4723.06
314.608 1301.26
2179.92 -9016.47
887.878 3631.47
1771.35 -7244.92
1146.24 4636.39
830.246 -3358.25
1528.77 6116.02
1336 -5344.85
364.555 1442.63
2332.05 -9228.48
928.504 3634.81
143.75 -562.738
1525.94 5909.93
514.271 -1991.76
633.764 2428.62
1056.95 -4050.3
2331.44 8840.64
42.6594 -161.761
1956.35 7341.28
1284.15 -4818.83
1197.74 4448.28
771.654 -2865.83
1696.62 6236.68
1525.28 -5606.84
936.636 3408.11
132.867 -483.461
2004.31 7219.68
2634.77 -9490.67
287.395 1024.89
18.8976 -67.3916
1282.32 4527.67
654.867 -2312.24
2570.22 8985.89
2322.15 -8118.61
2736.57 9474.19
1143.92 -3960.32
532.992 1827.4
1726.39 -5919.06
2720.9 9239.19
958.105 -3253.37
1620.01 5448.52
964.166 -3242.74
1142.04 3804.62
514.052 -1712.52
1577.64 5206.35
1879.86 -6203.72
1747.38 5712.68
1340.53 -4382.58
1961.62 6353.65
1053.57 -3412.48
2847.08 9136.7
373.745 -1199.4
1961.8 6238.11
1810 -5755.45
2137.73 6735.8
22.323 -70.3378
1993.09 6223.37
1390.68 -4342.36
3051.45 9442.6
2336.74 -7230.96
1435.18 4401.54
1435.04 -4401.11
0.73125 2.22281
1242.45 -3776.73
968.104 2916.89
3107.11 -9361.69
2571.14 7679.06
1580.16 -4719.37
1929.45 5712.48
2473.46 -7323.13
2698.81 7921.28
552.696 -1622.22
361.599 1052.21
760.739 -2213.67
1146.84 3308.67
2146.02 -6191.36
2911.6 8328.76
3126.99 -8944.91
377.638 1071.13
1819.64 -5161.22
1020.8 2871.09
236.432 -664.987
2271 6334.07
3235.44 -9024
2291.3 6337.63
1290.56 -3569.64
3308.64 9076
1121.29 -3075.84
2882.61 7842.39
3306.37 -8995.27
303.369 818.598
1037.29 -2798.97
1474.49 3946.38
306.37 -819.978
2453.7 6514.04
2568.38 -6818.5
262.409 691.036
1795.91 -4729.4
809.048 2113.51
2419.81 -6321.38
1003.85 2601.52
227.332 -589.14
3074.9 7905.54
1414.14 -3635.75
1084.86 2767.15
724.263 -1847.38
166.781 422.068
659.748 -1669.61
540.206 1356.4
588.145 -1476.77
2707.27 6744.78
1678.92 -4182.8
860.755 2127.84
1498.77 -3705.05
1545.35 3790.76
3410.51 -8366
2961.14 7207.93
1426.49 -3472.33
882.927 2132.77
2351.56 -5680.35
1284.98 3080.33
1224.8 -2936.08
3538.98 8419.3
2925.8 -6960.52
1582.09 3735.43
2376.54 -5611.16
1898.37 4448.49
1882.36 -4410.98
455.276 1058.87
2804.38 -6522.36
621.904 1435.62
1566.58 -3616.34
3092.47 7085.74
18.812 -43.1038
3156.47 7178.87
283.114 -643.896
822.681 1857.26
3359.87 -7585.16
1018.19 2281.75
1422.72 -3188.3
4053.08 9016.48
4004.24 -8907.84
3299.38 7286.3
899.627 -1986.72
1561.71 3423.8
868.243 -1903.48
507.419 1104.38
649.477 -1413.57
2455.35 5305.45
1479.95 -3197.83
3254.73 6982.16
3880.1 -8323.74
2849.62 6069.31
2905.45 -6188.22
2878.83 6087.74
325.602 -688.537
1259.92 2645.33
675.416 -1418.11
2403.61 5010.81
1765.74 -3681.05
3771.64 7807.12
3098.08 -6412.88
3510.37 7215.07
2800.7 -5756.44
3154.38 6437.79
2580.98 -5267.54
3143.96 6371.53
4071.16 -8250.59
1852.03 3727.07
4273.61 -8600.33
1204.53 2407.13
1811.22 -3619.55
4216.53 8367.74
310.585 -616.358
2818.33 5554.21
1417.78 -2794.1
1265.96 2477.65
3386.89 -6628.57
2145.15 4169.38
3947.5 -7672.47
445.004 858.972
1100.48 -2124.21
3613.09 6926.34
3548.48 -6802.49
4291.34 8170.26
2113.98 -4024.8
3942.91 7455.63
1009.21 -1908.31
2874.96 5399.21
1876.01 -3523.17
2949.05 5500.72
2262.03 -4219.25
528.924 979.886
2025.92 -3753.22
567.731 1044.66
3954.93 -7277.33
62.862 114.889
3981.1 -7276.03
3610.51 6554.27
2071.29 -3760.07
3830.32 6906.54
84.6886 -152.704
4065.87 7282.07
3542.97 -6345.54
423.754 753.869
2238.61 -3982.55
197.423 348.872
1796.22 -3174.15
996.096 1748.49
2519.41 -4422.42
1132.09 1973.96
1482.41 -2584.79
3741.03 6479.66
43.8193 -75.8973
327.681 563.793
3372.16 -5801.97
2340.09 3999.55
4588.5 -7842.42
4501.27 7642.41
381.014 -646.898
1569.6 2647.31
2606.54 -4396.24
2838.29 4755.52
2147.97 -3598.9
4828.62 8036.98
3464.45 -5766.4
1280.16 2116.74
4919.83 -8134.91
2610.95 4288.81
5177.47 -8504.65
1985.37 3239.81
1524.98 -2488.53
68.9235 111.735
1123.5 -1821.36
98.2491 158.233
525.436 -846.23
3555.55 5688.87
311.169 -497.87
2472.52 3930.17
4643.88 -7381.64
3037.1 4796.08
3701.55 -5845.35
914.084 1434.07
1697.9 -2663.78
3783.47 5897.06
1270.47 -1980.2
5354.28 8291.05
889.84 -1377.91
784.177 1206.39
4762.83 -7327.21
1309.09 2000.82
2472.78 -3779.43
2117.5 3215.39
4361.03 -6622.15
4810.99 7257.95
1782.35 -2688.88
2584.21 3873.3
655.68 -982.752
1523.58 2268.78
5395.09 -8033.86
637.321 942.885
3658.27 -5412.23
1460.2 2146.29
714.012 -1049.5
4900.03 7155.7
1571.92 -2295.54
1285.64 1865.3
3053.84 -4430.75
1920.49 2768.35
3937.94 -5676.47
2348.47 3363.35
5178.89 -7416.94
2200.79 3131.45
3336.58 -4747.54
1273.38 1800.13
481.565 -680.771
4730.17 6643.58
1203.29 -1690.03
1441.18 2011.05
5588.69 -7798.56
476.057 659.997
2846.12 -3945.81
2415.11 3326.58
2739.97 -3774.04
1648.64 2256.13
1662.91 -2275.66
4674.67 6355.75
4414.45 -6001.94
2379.94 3214.82
370.464 -500.422
4258.88 5715.59
3069.94 -4119.98
4293.15 5724.2
5834.25 -7779
3860.41 5113.81
3511.3 -4651.34
1516.08 1995.27
5247.02 -6905.48
734.525 960.407
3569.17 -4666.77
3404.68 4422.74
3239.84 -4208.62
3014.29 3890.13
5762.95 -7437.45
685.087 878.389
4382.66 -5619.26
149.913 190.959
5723.87 -7291.06
5704.56 7219.05
1684.48 -2131.69
5517.69 6936.95
9.13753 -11.4879
4738.79 5918.75
1859.11 -2322.03
2935.73 3642.73
236.178 -293.056
3649.63 4498.87
1617.97 -1994.45
4950.53 6062.43
6194.05 -7585.24
2026.18 2464.96
3146.28 -3827.62
3143.47 3799.04
220.63 -266.642
2994.25 3594.86
856.488 -1028.29
3966.77 4731.02
4615.99 -5505.32
7.11367 8.42813
4762.07 -5642
1981.1 2331.62
3621.12 -4261.83
1751.28 2047.47
5187.58 -6064.96
3263.39 3789.98
2484.88 -2885.84
3345.2 3859.12
3434.91 -3962.62
2023.57 2318.88
2832.56 -3245.94
5254.29 5980.86
1281.34 -1458.52
2863.82 3238.01
3672.32 -4152.14
3269.14 3671.48
5985.81 -6722.5
3951.27 4407.72
473.305 -527.982
1051.51 1165.07
2510.11 -2781.2
337.622 371.558
3201.27 -3523.05
5873.31 6419.9
3667.26 -4008.55
3459.54 3755.83
2289.76 -2485.86
4604.44 4964.75
870.604 -938.731
385.029 412.325
4628.9 -4957.06
5934.4 6311.63
2482.27 -2640.06
1632.63 1724.5
933.374 -985.893
1107.21 1161.46
5089.51 -5338.89
3577.37 3726.75
4647.94 -4842.03
1821.06 1883.97
5729.26 -5927.19
711.376 730.841
405.444 -416.538
129.474 132.09
3739.85 -3815.41
4302.39 4358.64
3583.43 -3630.27
3062.42 3080.7
1440.95 -1449.55
4110.6 4106.03
4183.64 -4178.99
4111.13 4077.56
4481.57 -4444.97
479.886 472.594
3200.21 -3151.58
1247.71 1220.01
4132.6 -4040.84
5647.62 5482.78
6110.44 -5932.1
5083.31 4899.57
6073.48 -5853.94
3828.21 3663.27
4135.24 -3957.07
1492.88 1418.23
5563.14 -5284.97
5151.54 4858.43
2665.41 -2513.76
3686.06 3450.99
1640.33 -1535.72
275.139 255.707
5618 -5221.23
360.565 332.636
1025.7 -946.25
6085.05 5572.23
498.202 -456.216
4986.24 4532.13
3237.73 -2942.86
4289.05 3869.36
803.399 -724.786
4782.31 4282.03
1181.96 -1058.32
5228.98 4646.71
1651.63 -1467.71
5923.95 5224.44
5751.61 -5072.45
5042.55 4413.27
7256.85 -6351.24
2603.75 2261.38
3452.09 -2998.17
6181.16 5327.1
385.445 -332.187
2285.85 1954.77
2628.47 -2247.76
4752.17 4032.26
3863.46 -3278.18
865.828 728.914
2534.83 -2134
6700.76 5596.76
4744.07 -3962.45
4281.61 3547.86
7011.81 -5810.19
2974.76 2445.33
4674.47 -3842.53
388.864 317.093
1628.84 -1328.21
5229.95 4230.26
5629.04 -4553.06
5052.09 4053.2
1952.43 -1566.4
6511.92 5181.66
2266.31 -1803.35
3210.37 2533.52
4174.03 -3294
4020.8 3146.77
1565.75 -1225.39
2358.98 1830.77
1427.41 -1107.79
1293.29 995.254
5099.52 -3924.36
5071.42 3869.65
7784.52 -5939.83
5537.5 4189.19
7486.01 -5663.26
2600.29 1950.22
2540.74 -1905.55
3574.08 2657.3
3516.69 -2614.63
5223.99 3850.01
2563.37 -1889.17
454.91 332.306
1655.34 -1209.2
1855.35 1343.25
3575.48 -2588.6
6582.11 4722.6
2268.76 -1627.81
5310.46 3775.71
3934.56 -2797.45
26.3547 18.5669
2446.73 -1723.72
6011.25 4195.88
6850.42 -4781.63
4843.85 3349.56
1168.31 -807.893
3028.91 2074.83
820.846 -562.287
2820.68 1913.86
5509.05 -3737.93
2325.5 1562.75
4183.69 -2811.46
2574.25 1713.15
7643.14 -5086.48
4035.09 2659.05
29.857 -19.6752
7175.53 4681.76
6769.35 -4416.75
2697.81 1742.61
2538.04 -1639.41
2076.74 1327.87
8173.19 -5225.95
5243.89 3318.64
2558.93 -1619.45
1484.03 929.459
7200.65 -4509.82
6326.12 3920.58
8374.3 -5189.93
1098.58 673.619
3374.54 -2069.16
4001.23 2427.07
1129.37 -685.056
5960.78 3576.35
1724.08 -1034.42
8320.57 4937.13
2442.85 -1449.5
2959.26 1736.29
2886.34 -1693.51
3317.7 1924.54
5916.34 -3431.97
3.41834 1.96013
5757.86 -3301.64
1635.85 927.081
2693.63 -1526.55
5076.43 2842.88
5856.86 -3279.94
2740.4 1516.22
3837.79 -2123.39
4208.09 2299.83
5566.48 -3042.23
6518.62 3518.38
6389.25 -3448.55
5334.43 2842.89
3188.74 -1699.38
255.617 134.478
6899.23 -3629.63
1872.31 972.141
6861.56 -3562.66
6806.6 3487.13
3024.5 -1549.49
1508.09 762.151
2077.44 -1049.89
4223.69 2105.08
7733.76 -3854.49
3893.58 1913.23
3943.87 -1937.94
1333.44 645.817
6992.35 -3386.55
6986.04 3333.87
4798.68 -2290.02
4171.12 1960.71
7008.96 -3294.69
1773.61 820.948
5889.01 -2725.83
765.162 348.618
7073.11 -3222.6
2921.83 1309.87
3625.11 -1625.15
1975.21 870.934
7317.75 -3226.64
290.195 125.8
8777 -3804.83
4837.41 2060.73
5852.09 -2492.98
2933.11 1227.29
5117 -2141.08
3844.96 1579.41
4892.48 -2009.71
3040.55 1225.47
1673.74 -674.593
8079.35 3193.16
4620.2 -1826.02
3853.31 1492.44
3176.73 -1230.39
3374.44 1279.93
7919.91 -3004.04
7313.41 2714.62
4772.47 -1771.47
5865.38 2128.85
5209.23 -1890.7
384.287 136.266
799.939 -283.655
3105.69 1074.9
2232.21 -772.581
6952.77 2346.37
3910.6 -1319.72
128.035 42.0832
513.014 -168.619
7715.26 2466.76
2184.53 -698.45
8153.37 2532.29
8037.56 -2496.32
1780.65 536.395
3634.3 -1094.78
4586.17 1337.63
4837.64 -1410.98
8992.15 2534.45
8598.95 -2423.62
316.876 86.1148
2528.99 -687.282
714.545 186.757
8722.83 -2279.85
7361.01 1844.84
4724.66 -1184.11
2355.91 564.214
1164.76 -278.947
3257.75 742.449
217.911 -49.6625
6146.84 1326.43
9365.47 -2020.98
5649.93 1147.27
6562.14 -1332.5
422.267 80.0535
8893.28 -1685.99
8922.32 1563.03
7651.28 -1340.37
3139.23 501.066
9078.05 -1448.99
8224.74 1171.96
1266.18 -180.422
1475.28 181.708
6794.03 -836.81
9646.79 968.314
3329.39 -334.193
639.38 45.296
4461.35 -316.058
8385.32 0
